0 0.49729303021555615 0.2998324958123953 0.5337109541454832 0.2998324958123953 0.5337109541454832 0.34003350083752093 0.49729303021555615 0.34003350083752093
1 0.49980461117624075 0.3450586264656616 0.5362225351061679 0.3450586264656616 0.5362225351061679 0.3835845896147403 0.49980461117624075 0.3835845896147403
1 0.5035719826172678 0.388609715242881 0.538734116066853 0.388609715242881 0.538734116066853 0.423785594639866 0.5035719826172678 0.423785594639866
1 0.4558519443642598 0.39028475711892796 0.48975828733350224 0.39028475711892796 0.48975828733350224 0.42881072026800676 0.4558519443642598 0.42881072026800676
1 0.4169224394736481 0.39028475711892796 0.45208457292323284 0.39028475711892796 0.45208457292323284 0.4338358458961473 0.4169224394736481 0.4338358458961473
1 0.3792487250633787 0.39028475711892796 0.4131550680326212 0.39028475711892796 0.4131550680326212 0.43216080402010054 0.3792487250633787 0.43216080402010054
1 0.46087510628562905 0.44221105527638194 0.49603723973521385 0.44221105527638194 0.49603723973521385 0.48408710217755446 0.46087510628562905 0.48408710217755446
1 0.46213089676597136 0.490787269681742 0.4960372397352138 0.490787269681742 0.4960372397352138 0.5293132328308208 0.46213089676597136 0.5293132328308208
1 0.4633866872463137 0.5360134003350083 0.4985488206958985 0.5360134003350083 0.4985488206958985 0.5745393634840871 0.4633866872463137 0.5745393634840871
1 0.5073393540582946 0.43383584589614715 0.5425014875078794 0.43383584589614715 0.5425014875078794 0.47906197654941357 0.5073393540582946 0.47906197654941357
1 0.5475246494292484 0.43886097152428793 0.5814309923984907 0.43886097152428793 0.5814309923984907 0.48073701842546046 0.5475246494292484 0.48073701842546046
1 0.5864541543198604 0.4388609715242881 0.6203604972891029 0.4388609715242881 0.6203604972891029 0.47738693467336685 0.5864541543198604 0.47738693467336685
