0 0.5125069793411502 0.21775544388609716 0.6135120044667784 0.21775544388609716 0.6135120044667784 0.3132328308207705 0.5125069793411502 0.3132328308207705
1 0.5125069793411502 0.31993299832495814 0.6097710776102736 0.31993299832495814 0.6097710776102736 0.40871021775544386 0.5125069793411502 0.40871021775544386
1 0.5143774427694026 0.4271356783919598 0.6060301507537689 0.4271356783919598 0.6060301507537689 0.5108877721943048 0.5143774427694026 0.5108877721943048
1 0.36661083193746513 0.4288107202680067 0.46574539363484085 0.4288107202680067 0.46574539363484085 0.5159128978224455 0.36661083193746513 0.5159128978224455
1 0.2562534896705751 0.423785594639866 0.3535175879396985 0.423785594639866 0.3535175879396985 0.5125628140703518 0.2562534896705751 0.5125628140703518
1 0.1384142936906756 0.42211055276381904 0.23380792853154664 0.42211055276381904 0.23380792853154664 0.5108877721943048 0.1384142936906756 0.5108877721943048
1 0.37222222222222245 0.5510887772194305 0.4713567839195984 0.5510887772194305 0.4713567839195984 0.6381909547738692 0.37222222222222245 0.6381909547738692
1 0.5162479061976549 0.5510887772194302 0.6097710776102735 0.5510887772194302 0.6097710776102735 0.6415410385259628 0.5162479061976549 0.6415410385259628
1 0.6322166387493021 0.5477386934673367 0.7294807370184255 0.5477386934673367 0.7294807370184255 0.641541038525963 0.6322166387493021 0.641541038525963
1 0.7519262981574536 0.5510887772194305 0.8454494695700722 0.5510887772194305 0.8454494695700722 0.644891122278057 0.7519262981574536 0.644891122278057
1 0.3740926856504746 0.6549413735343383 0.471356783919598 0.6549413735343383 0.471356783919598 0.7437185929648241 0.3740926856504746 0.7437185929648241
1 0.3703517587939698 0.7638190954773869 0.46761585706309317 0.7638190954773869 0.46761585706309317 0.8492462311557787 0.3703517587939698 0.8492462311557787
