0 0.5092957045288362 0.1390284757118928 0.6206470951247466 0.1390284757118928 0.6206470951247466 0.24120603015075376 0.5092957045288362 0.24120603015075376
1 0.5074702718961163 0.2562814070351759 0.6188216624920267 0.2562814070351759 0.6188216624920267 0.35510887772194305 0.5074702718961163 0.35510887772194305
1 0.5074702718961163 0.373534338358459 0.6133453645938672 0.373534338358459 0.6133453645938672 0.47403685092127307 0.5074702718961163 0.47403685092127307
1 0.5147720024269957 0.5159128978224455 0.6188216624920267 0.5159128978224455 0.6188216624920267 0.6197654941373535 0.5147720024269957 0.6197654941373535
1 0.6425522867173847 0.5192629815745393 0.7484273794151356 0.5192629815745393 0.7484273794151356 0.6197654941373535 0.6425522867173847 0.6197654941373535
1 0.7721580036404936 0.5226130653266332 0.8798585289709642 0.5226130653266332 0.8798585289709642 0.6214405360134004 0.7721580036404936 0.6214405360134004
1 0.35230849811492965 0.38023450586264657 0.4581835908126806 0.38023450586264657 0.4581835908126806 0.47738693467336674 0.35230849811492965 0.47738693467336674
1 0.220877348559101 0.3785594639865997 0.3267524412568519 0.3785594639865997 0.3267524412568519 0.47403685092127307 0.220877348559101 0.47403685092127307
1 0.08944619900327229 0.37520938023450584 0.19714672433374303 0.37520938023450584 0.19714672433374303 0.4723618090452261 0.08944619900327229 0.4723618090452261
1 0.35413393074764954 0.5209380234505863 0.4600090234454004 0.5209380234505863 0.4600090234454004 0.6214405360134003 0.35413393074764954 0.6214405360134003
1 0.3504830654822097 0.6381909547738692 0.46365988871083996 0.6381909547738692 0.46365988871083996 0.7386934673366832 0.3504830654822097 0.7386934673366832
1 0.35048306548220975 0.7638190954773871 0.4600090234454003 0.7638190954773871 0.4600090234454003 0.8576214405360137 0.35048306548220975 0.8576214405360137
