0 0.11841590019422105 0.4623115577889447 0.21225491544247171 0.4623115577889447 0.21225491544247171 0.5309882747068677 0.11841590019422105 0.5309882747068677
1 0.22566048904936464 0.457286432160804 0.31949950429761526 0.457286432160804 0.31949950429761526 0.5309882747068677 0.22566048904936464 0.5309882747068677
1 0.3373736024401392 0.45561139028475706 0.42227556861712784 0.45561139028475706 0.42227556861712784 0.52428810720268 0.3373736024401392 0.52428810720268
1 0.4557895026343602 0.2830820770519262 0.5429257310791642 0.2830820770519262 0.5429257310791642 0.3517587939698491 0.4557895026343602 0.3517587939698491
1 0.4557895026343602 0.36180904522613067 0.5473942556147953 0.36180904522613067 0.5473942556147953 0.43216080402010065 0.4557895026343602 0.43216080402010065
1 0.4624922894378066 0.4438860971524289 0.5518627801504263 0.4438860971524289 0.5518627801504263 0.509212730318258 0.4624922894378066 0.509212730318258
1 0.4848349121159615 0.541038525963149 0.5764396650963967 0.541038525963149 0.5764396650963967 0.6080402010050251 0.4848349121159615 0.6080402010050251
1 0.5876109764354742 0.5376884422110553 0.685918516219356 0.5376884422110553 0.685918516219356 0.6046901172529314 0.5876109764354742 0.6046901172529314
1 0.6970898275584332 0.5309882747068677 0.7886945805388684 0.5309882747068677 0.7886945805388684 0.5979899497487438 0.6970898275584332 0.5979899497487438
1 0.35077917604703207 0.5561139028475712 0.4468524535630983 0.5561139028475712 0.4468524535630983 0.6164154103852596 0.35077917604703207 0.6164154103852596
1 0.3597162251182941 0.6314907872696818 0.4580237649021758 0.6314907872696818 0.4580237649021758 0.7018425460636515 0.3597162251182941 0.7018425460636515
1 0.36865327418955607 0.7152428810720268 0.4624922894378066 0.7152428810720268 0.4624922894378066 0.7822445561139029 0.36865327418955607 0.7822445561139029
