0 0.25935292010809996 0.44053601340033494 0.3241911501351249 0.44053601340033494 0.3241911501351249 0.4924623115577888 0.25935292010809996 0.4924623115577888
1 0.3398417573830274 0.43886097152428827 0.39797258430380855 0.43886097152428827 0.39797258430380855 0.4907872696817422 0.3398417573830274 0.4907872696817422
1 0.41138739051629647 0.44053601340033505 0.47175401847249204 0.44053601340033505 0.47175401847249204 0.4924623115577889 0.41138739051629647 0.4924623115577889
1 0.5052910340037117 0.32998324958123953 0.5678934629953221 0.32998324958123953 0.5678934629953221 0.38023450586264657 0.5052910340037117 0.38023450586264657
1 0.5030552329682972 0.39028475711892796 0.5678934629953222 0.39028475711892796 0.5678934629953222 0.43718592964824116 0.5030552329682972 0.43718592964824116
1 0.4963478298620533 0.44221105527638194 0.5634218609244929 0.44221105527638194 0.5634218609244929 0.48911222780569513 0.4963478298620533 0.48911222780569513
1 0.40467998741005246 0.5108877721943048 0.4739898195079067 0.5108877721943048 0.4739898195079067 0.559463986599665 0.40467998741005246 0.559463986599665
1 0.4069157884454671 0.5644891122278057 0.4739898195079067 0.5644891122278057 0.4739898195079067 0.6147403685092128 0.4069157884454671 0.6147403685092128
1 0.4069157884454671 0.6214405360134003 0.47175401847249204 0.6214405360134003 0.47175401847249204 0.6750418760469011 0.4069157884454671 0.6750418760469011
1 0.5008194319328826 0.5108877721943048 0.5634218609244929 0.5108877721943048 0.5634218609244929 0.5644891122278057 0.5008194319328826 0.5644891122278057
1 0.5768366671369808 0.509212730318258 0.6394390961285912 0.509212730318258 0.6394390961285912 0.5661641541038526 0.5768366671369808 0.5661641541038526
1 0.6483823002702495 0.5108877721943048 0.7176921323681039 0.5108877721943048 0.7176921323681039 0.5611390284757118 0.6483823002702495 0.5611390284757118
