0 0.43575929667878277 0.4539363484087102 0.46087510628562905 0.4539363484087102 0.46087510628562905 0.490787269681742 0.43575929667878277 0.490787269681742
1 0.4633866872463138 0.4539363484087101 0.48850249685316 0.4539363484087101 0.48850249685316 0.4924623115577888 0.4633866872463138 0.4924623115577888
1 0.4935256587745292 0.4556113902847571 0.5161298874206909 0.4556113902847571 0.5161298874206909 0.49581239530988286 0.4935256587745292 0.49581239530988286
1 0.5274320017437717 0.37688442211055284 0.5538036018309602 0.37688442211055284 0.5538036018309602 0.4137353433835846 0.5274320017437717 0.4137353433835846
1 0.5274320017437717 0.4170854271356783 0.5525478113506179 0.4170854271356783 0.5525478113506179 0.45058626465661644 0.5274320017437717 0.45058626465661644
1 0.5261762112634294 0.457286432160804 0.5512920208702756 0.457286432160804 0.5512920208702756 0.490787269681742 0.5261762112634294 0.490787269681742
1 0.49729303021555615 0.5008375209380235 0.5211530493420601 0.5008375209380235 0.5211530493420601 0.5376884422110553 0.49729303021555615 0.5376884422110553
1 0.4947814492548715 0.5460636515912894 0.5211530493420601 0.5460636515912894 0.5211530493420601 0.5829145728643214 0.4947814492548715 0.5829145728643214
1 0.4947814492548715 0.5862646566164154 0.5186414683813755 0.5862646566164154 0.5186414683813755 0.6180904522613065 0.4947814492548715 0.6180904522613065
1 0.5286877922241139 0.5025125628140704 0.5538036018309601 0.5025125628140704 0.5538036018309601 0.5393634840871024 0.5286877922241139 0.5393634840871024
1 0.5600825542326718 0.504187604690117 0.5814309923984912 0.504187604690117 0.5814309923984912 0.537688442211055 0.5600825542326718 0.537688442211055
1 0.5889657352805451 0.5041876046901173 0.6153373353677336 0.5041876046901173 0.6153373353677336 0.5410385259631492 0.5889657352805451 0.5410385259631492
