0 0.5276521885191977 0.1541038525963149 0.6265869738665473 0.1541038525963149 0.6265869738665473 0.2479061976549414 0.5276521885191977 0.2479061976549414
1 0.5276521885191977 0.2663316582914573 0.6231155778894473 0.2663316582914573 0.6231155778894473 0.355108877721943 0.5276521885191977 0.355108877721943
1 0.5241807925420977 0.373534338358459 0.6213798799008972 0.373534338358459 0.6213798799008972 0.4673366834170855 0.5241807925420977 0.4673366834170855
1 0.38185355748099825 0.38023450586264657 0.48078834282834776 0.38023450586264657 0.48078834282834776 0.4723618090452261 0.38185355748099825 0.4723618090452261
1 0.26382609425959885 0.3752093802345059 0.3662322755840483 0.3752093802345059 0.3662322755840483 0.4740368509212731 0.26382609425959885 0.4740368509212731
1 0.14753432902674934 0.37688442211055284 0.24646911437409888 0.37688442211055284 0.24646911437409888 0.4690117252931324 0.14753432902674934 0.4690117252931324
1 0.39053204742374825 0.5108877721943048 0.4842597388054479 0.5108877721943048 0.4842597388054479 0.609715242881072 0.39053204742374825 0.609715242881072
1 0.38879634943519836 0.628140703517588 0.4825240408168979 0.628140703517588 0.4825240408168979 0.7236180904522613 0.38879634943519836 0.7236180904522613
1 0.38532495345809825 0.7420435510887772 0.4790526448397978 0.7420435510887772 0.4790526448397978 0.8358458961474036 0.38532495345809825 0.8358458961474036
1 0.5311235844962972 0.5108877721943048 0.6231155778894466 0.5108877721943048 0.6231155778894466 0.6046901172529316 0.5311235844962972 0.6046901172529316
1 0.6404725577749472 0.5159128978224454 0.7428787390993968 0.5159128978224454 0.7428787390993968 0.6097152428810719 0.6404725577749472 0.6097152428810719
1 0.7637071149619966 0.5142378559463987 0.8556991083551463 0.5142378559463987 0.8556991083551463 0.6046901172529313 0.7637071149619966 0.6046901172529313
