0 0.5073393540582947 0.423785594639866 0.5261762112634294 0.423785594639866 0.5261762112634294 0.4489112227805695 0.5073393540582947 0.4489112227805695
1 0.5073393540582947 0.45226130653266333 0.5236646303027447 0.45226130653266333 0.5236646303027447 0.47403685092127307 0.5073393540582947 0.47403685092127307
1 0.5111067254993218 0.47738693467336696 0.5274320017437719 0.47738693467336696 0.5274320017437719 0.49413735343383597 0.5111067254993218 0.49413735343383597
1 0.4910140778138446 0.47403685092127307 0.5073393540582947 0.47403685092127307 0.5073393540582947 0.4991624790619766 0.4910140778138446 0.4991624790619766
1 0.4746888015693946 0.4807370184254606 0.4897582873335023 0.4807370184254606 0.4897582873335023 0.4991624790619765 0.4746888015693946 0.4991624790619765
1 0.4571077348446021 0.47906197654941374 0.47594459204973677 0.47906197654941374 0.47594459204973677 0.5058626465661642 0.4571077348446021 0.5058626465661642
1 0.4910140778138446 0.5041876046901173 0.5098509350189793 0.5041876046901173 0.5098509350189793 0.52428810720268 0.4910140778138446 0.52428810720268
1 0.5111067254993216 0.49748743718592964 0.5286877922241141 0.49748743718592964 0.5286877922241141 0.5209380234505863 0.5111067254993216 0.5209380234505863
1 0.528687792224114 0.49413735343383586 0.545013068468564 0.49413735343383586 0.545013068468564 0.5209380234505863 0.528687792224114 0.5209380234505863
1 0.548780439909591 0.4924623115577889 0.5613383447130141 0.4924623115577889 0.5613383447130141 0.5209380234505863 0.548780439909591 0.5209380234505863
1 0.49603723973521385 0.525963149078727 0.5136183064600062 0.525963149078727 0.5136183064600062 0.54606365159129 0.49603723973521385 0.54606365159129
1 0.4947814492548715 0.5477386934673367 0.5161298874206909 0.5477386934673367 0.5161298874206909 0.5728643216080402 0.4947814492548715 0.5728643216080402
