0 0.5437572779882217 0.507537688442211 0.5688730875950682 0.507537688442211 0.5688730875950682 0.541038525963149 0.5437572779882217 0.541038525963149
1 0.5161298874206908 0.5108877721943048 0.5387341160668524 0.5108877721943048 0.5387341160668524 0.5427135678391959 0.5161298874206908 0.5427135678391959
1 0.4885024968531597 0.5125628140703514 0.5111067254993213 0.5125628140703514 0.5111067254993213 0.5477386934673363 0.4885024968531597 0.5477386934673363
1 0.48096775397110597 0.4639865996649916 0.5085951445386369 0.4639865996649916 0.5085951445386369 0.5008375209380234 0.48096775397110597 0.5008375209380234
1 0.47845617301042137 0.4288107202680067 0.508595144538637 0.4288107202680067 0.508595144538637 0.4639865996649917 0.47845617301042137 0.4639865996649917
1 0.47594459204973677 0.388609715242881 0.5060835635779524 0.388609715242881 0.5060835635779524 0.423785594639866 0.47594459204973677 0.423785594639866
1 0.45082878244289015 0.47068676716917907 0.4759445920497364 0.47068676716917907 0.4759445920497364 0.5058626465661641 0.45082878244289015 0.5058626465661641
1 0.420689810914675 0.46901172529313234 0.4470614110018636 0.46901172529313234 0.4470614110018636 0.5058626465661642 0.420689810914675 0.5058626465661642
1 0.39055083938645935 0.4706867671691791 0.4169224394736479 0.4706867671691791 0.4169224394736479 0.5075376884422108 0.39055083938645935 0.5075376884422108
1 0.4533403634035752 0.5142378559463987 0.47845617301042137 0.5142378559463987 0.47845617301042137 0.5494137353433837 0.4533403634035752 0.5494137353433837
1 0.45459615388391755 0.556113902847571 0.4797119634907638 0.556113902847571 0.4797119634907638 0.5862646566164152 0.45459615388391755 0.5862646566164152
1 0.45459615388391744 0.5929648241206029 0.4797119634907638 0.5929648241206029 0.4797119634907638 0.6264656616415409 0.45459615388391744 0.6264656616415409
