0 0.6402227443373273 0.507537688442211 0.6878290509675389 0.507537688442211 0.6878290509675389 0.5661641541038525 0.6402227443373273 0.5661641541038525
1 0.512178195469862 0.3266331658291459 0.567992486001834 0.3266331658291459 0.567992486001834 0.3819095477386936 0.512178195469862 0.3819095477386936
1 0.5121781954698619 0.39028475711892796 0.566350889221482 0.39028475711892796 0.566350889221482 0.43718592964824105 0.5121781954698619 0.43718592964824105
1 0.5844084538053554 0.5108877721943048 0.6320147604355668 0.5108877721943048 0.6320147604355668 0.5678391959798995 0.5844084538053554 0.5678391959798995
1 0.5203861793716225 0.4455611390284757 0.5745588731232427 0.4455611390284757 0.5745588731232427 0.49581239530988275 0.5203861793716225 0.49581239530988275
1 0.525310969712679 0.5108877721943048 0.5745588731232426 0.5108877721943048 0.5745588731232426 0.5678391959798993 0.525310969712679 0.5678391959798993
1 0.44979751781648114 0.4472361809045219 0.5023286147877489 0.4472361809045219 0.5023286147877489 0.49916247906197564 0.44979751781648114 0.49916247906197564
1 0.39726642084521335 0.45058626465661644 0.4432311306950727 0.45058626465661644 0.4432311306950727 0.5041876046901171 0.39726642084521335 0.5041876046901171
1 0.3348857431918328 0.45058626465661644 0.3874168401631006 0.45058626465661644 0.3874168401631006 0.5058626465661642 0.3348857431918328 0.5058626465661642
1 0.45472230815753745 0.5209380234505864 0.5088950019091574 0.5209380234505864 0.5088950019091574 0.5711892797319935 0.45472230815753745 0.5711892797319935
1 0.45472230815753767 0.5812395309882747 0.5105365986895096 0.5812395309882747 0.5105365986895096 0.628140703517588 0.45472230815753767 0.628140703517588
1 0.45636390493788986 0.6365159128978225 0.5105365986895097 0.6365159128978225 0.5105365986895097 0.6867671691792296 0.45636390493788986 0.6867671691792296
