0 0.6100067936837993 0.474036850921273 0.6589378199151199 0.474036850921273 0.6589378199151199 0.5326633165829145 0.6100067936837993 0.5326633165829145
1 0.5512895622062144 0.474036850921273 0.6002205884375353 0.474036850921273 0.6002205884375353 0.5293132328308207 0.5512895622062144 0.5293132328308207
1 0.4925723307286292 0.47571189279731985 0.5431343911676606 0.47571189279731985 0.5431343911676606 0.5309882747068674 0.4925723307286292 0.5309882747068674
1 0.427330962420201 0.4824120603015073 0.4762619886515219 0.4824120603015073 0.4762619886515219 0.5309882747068674 0.427330962420201 0.5309882747068674
1 0.4273309624202016 0.5427135678391959 0.47626198865152247 0.5427135678391959 0.47626198865152247 0.5879396984924622 0.4273309624202016 0.5879396984924622
1 0.42896199662791223 0.5996649916247906 0.477893022859233 0.5996649916247906 0.477893022859233 0.6499162479061977 0.42896199662791223 0.6499162479061977
1 0.3098964994650316 0.4087102177554437 0.36045855990406317 0.4087102177554437 0.36045855990406317 0.46398659966499145 0.3098964994650316 0.46398659966499145
1 0.36861373094261674 0.4103852596314907 0.41428268875851615 0.4103852596314907 0.41428268875851615 0.4639865996649915 0.36861373094261674 0.4639865996649915
1 0.42406889400478015 0.41038525963149064 0.4729999202361009 0.41038525963149064 0.4729999202361009 0.46398659966499145 0.42406889400478015 0.46398659966499145
1 0.48931026231320796 0.4070351758793969 0.5431343911676607 0.4070351758793969 0.5431343911676607 0.45728643216080384 0.48931026231320796 0.45728643216080384
1 0.4876792281054973 0.35008375209380227 0.5415033569599502 0.35008375209380227 0.5415033569599502 0.4003350083752093 0.4876792281054973 0.4003350083752093
1 0.48931026231320807 0.28978224455611384 0.5398723227522395 0.28978224455611384 0.5398723227522395 0.34170854271356776 0.48931026231320807 0.34170854271356776
