0 0.508595144538637 0.423785594639866 0.5261762112634295 0.423785594639866 0.5261762112634295 0.4489112227805695 0.508595144538637 0.4489112227805695
1 0.5073393540582947 0.45226130653266333 0.5261762112634293 0.45226130653266333 0.5261762112634293 0.4723618090452261 0.5073393540582947 0.4723618090452261
1 0.5123625159796639 0.47571189279731996 0.5274320017437718 0.47571189279731996 0.5274320017437718 0.49581239530988275 0.5123625159796639 0.49581239530988275
1 0.4935256587745292 0.47738693467336696 0.5073393540582947 0.47738693467336696 0.5073393540582947 0.4991624790619766 0.4935256587745292 0.4991624790619766
1 0.47594459204973677 0.47738693467336696 0.4910140778138446 0.47738693467336696 0.4910140778138446 0.5025125628140704 0.47594459204973677 0.5025125628140704
1 0.4583635253249444 0.47738693467336696 0.47343301108905217 0.47738693467336696 0.47343301108905217 0.5025125628140704 0.4583635253249444 0.5025125628140704
1 0.4947814492548715 0.5041876046901173 0.5111067254993216 0.5041876046901173 0.5111067254993216 0.52428810720268 0.4947814492548715 0.52428810720268
1 0.49603723973521385 0.5276381909547738 0.5136183064600062 0.5276381909547738 0.5136183064600062 0.5477386934673367 0.49603723973521385 0.5477386934673367
1 0.49729303021555615 0.5510887772194305 0.5148740969403486 0.5510887772194305 0.5148740969403486 0.5711892797319933 0.49729303021555615 0.5711892797319933
1 0.5136183064600062 0.49748743718592964 0.528687792224114 0.49748743718592964 0.528687792224114 0.5226130653266332 0.5136183064600062 0.5226130653266332
1 0.5299435827044563 0.49581239530988275 0.5437572779882217 0.49581239530988275 0.5437572779882217 0.5192629815745393 0.5299435827044563 0.5192629815745393
1 0.5462688589489064 0.4924623115577889 0.5638499256736986 0.4924623115577889 0.5638499256736986 0.5192629815745392 0.5462688589489064 0.5192629815745392
