0 0.5161298874206908 0.355108877721943 0.5475246494292487 0.355108877721943 0.5475246494292487 0.40033500837520924 0.5161298874206908 0.40033500837520924
1 0.5186414683813756 0.4053601340033501 0.548780439909591 0.4053601340033501 0.548780439909591 0.4438860971524287 0.5186414683813756 0.4438860971524287
1 0.5236646303027447 0.4489112227805695 0.5525478113506179 0.4489112227805695 0.5525478113506179 0.48743718592964824 0.5236646303027447 0.48743718592964824
1 0.4834793349317907 0.4539363484087102 0.5136183064600062 0.4539363484087102 0.5136183064600062 0.49748743718592964 0.4834793349317907 0.49748743718592964
1 0.45082878244289054 0.4556113902847571 0.4797119634907638 0.4556113902847571 0.4797119634907638 0.5008375209380235 0.45082878244289054 0.5008375209380235
1 0.41566664899330574 0.46063651591289784 0.4458056205215213 0.46063651591289784 0.4458056205215213 0.5041876046901173 0.41566664899330574 0.5041876046901173
1 0.48975828733350224 0.5041876046901171 0.5186414683813754 0.5041876046901171 0.5186414683813754 0.5477386934673367 0.48975828733350224 0.5477386934673367
1 0.4910140778138446 0.5527638190954773 0.5224088398224024 0.5527638190954773 0.5224088398224024 0.5929648241206029 0.4910140778138446 0.5929648241206029
1 0.4935256587745292 0.5979899497487438 0.5236646303027447 0.5979899497487438 0.5236646303027447 0.6381909547738693 0.4935256587745292 0.6381909547738693
1 0.5311993731847986 0.49581239530988275 0.5575709732719872 0.49581239530988275 0.5575709732719872 0.541038525963149 0.5311993731847986 0.541038525963149
1 0.5613383447130141 0.4924623115577889 0.5902215257608874 0.4924623115577889 0.5902215257608874 0.5376884422110552 0.5613383447130141 0.5376884422110552
1 0.5952446876822566 0.49413735343383586 0.6241278687301298 0.49413735343383586 0.6241278687301298 0.5343383584589615 0.5952446876822566 0.5343383584589615
