0 0.6097786514063482 0.5460636515912897 0.6570364968903402 0.5460636515912897 0.6570364968903402 0.6013400335008374 0.6097786514063482 0.6013400335008374
1 0.5533741261512611 0.542713567839196 0.6006319716352531 0.542713567839196 0.6006319716352531 0.5963149078726968 0.5533741261512611 0.5963149078726968
1 0.5015429407817215 0.5443886097152428 0.5488007862657135 0.5443886097152428 0.5488007862657135 0.5946398659966499 0.5015429407817215 0.5946398659966499
1 0.43599173575553907 0.541038525963149 0.4847740278680469 0.541038525963149 0.4847740278680469 0.5946398659966498 0.43599173575553907 0.5946398659966498
1 0.43294284249850734 0.6046901172529313 0.48324958123953105 0.6046901172529313 0.48324958123953105 0.6532663316582915 0.43294284249850734 0.6532663316582915
1 0.4314183958699914 0.6599664991624788 0.4802006879824993 0.6599664991624788 0.4802006879824993 0.7118927973199329 0.4314183958699914 0.7118927973199329
1 0.32470713187388045 0.4623115577889447 0.3704405307293566 0.4623115577889447 0.3704405307293566 0.5175879396984925 0.32470713187388045 0.5175879396984925
1 0.37806276387193594 0.4656616415410385 0.425320609355928 0.4656616415410385 0.425320609355928 0.5209380234505863 0.37806276387193594 0.5209380234505863
1 0.43599173575553907 0.46733668341708534 0.4786762413539834 0.46733668341708534 0.4786762413539834 0.520938023450586 0.43599173575553907 0.520938023450586
1 0.49696960089617387 0.46733668341708545 0.5457518930086819 0.46733668341708545 0.5457518930086819 0.5209380234505863 0.49696960089617387 0.5209380234505863
1 0.5030673874102374 0.4087102177554438 0.5518496795227452 0.4087102177554438 0.5518496795227452 0.4639865996649915 0.5030673874102374 0.4639865996649915
1 0.5045918340387531 0.340033500837521 0.5518496795227452 0.340033500837521 0.5518496795227452 0.40368509212730336 0.5045918340387531 0.40368509212730336
