0 0.4834793349317907 0.44221105527638194 0.5035719826172678 0.44221105527638194 0.5035719826172678 0.46901172529313234 0.4834793349317907 0.46901172529313234
1 0.5060835635779524 0.44053601340033505 0.528687792224114 0.44053601340033505 0.528687792224114 0.47068676716917923 0.5060835635779524 0.47068676716917923
1 0.5299435827044562 0.4405360134003347 0.5512920208702756 0.4405360134003347 0.5512920208702756 0.4706867671691789 0.5299435827044562 0.4706867671691789
1 0.5563151827916448 0.38190954773869346 0.5776636209574643 0.38190954773869346 0.5776636209574643 0.4103852596314909 0.5563151827916448 0.4103852596314909
1 0.5563151827916446 0.4103852596314907 0.5789194114378063 0.4103852596314907 0.5789194114378063 0.4371859296482411 0.5563151827916446 0.4371859296482411
1 0.5550593923113025 0.4371859296482412 0.5789194114378065 0.4371859296482412 0.5789194114378065 0.4639865996649916 0.5550593923113025 0.4639865996649916
1 0.5588267637523295 0.47068676716917923 0.5801752019181489 0.47068676716917923 0.5801752019181489 0.49413735343383586 0.5588267637523295 0.49413735343383586
1 0.5851983638395181 0.4639865996649916 0.605291011524995 0.4639865996649916 0.605291011524995 0.49246231155778897 0.5851983638395181 0.49246231155778897
1 0.6103141734463645 0.46231155778894456 0.6304068211318414 0.46231155778894456 0.6304068211318414 0.4941373534338357 0.6103141734463645 0.4941373534338357
1 0.5311993731847986 0.47403685092127307 0.5525478113506179 0.47403685092127307 0.5525478113506179 0.5008375209380235 0.5311993731847986 0.5008375209380235
1 0.5337109541454829 0.5058626465661641 0.5563151827916445 0.5058626465661641 0.5563151827916445 0.5309882747068675 0.5337109541454829 0.5309882747068675
1 0.5324551636651407 0.5326633165829144 0.5563151827916448 0.5326633165829144 0.5563151827916448 0.5594639865996649 0.5324551636651407 0.5594639865996649
