0 0.629864385448112 0.5108877721943048 0.6829428448959866 0.5108877721943048 0.6829428448959866 0.5628140703517588 0.629864385448112 0.5628140703517588
1 0.5661702341106623 0.5092127303182579 0.6210179755401327 0.5092127303182579 0.6210179755401327 0.5661641541038523 0.5661702341106623 0.5661641541038523
1 0.5024760827732128 0.5108877721943048 0.559093106184279 0.5108877721943048 0.559093106184279 0.5678391959798995 0.5024760827732128 0.5678391959798995
1 0.42639695756459256 0.5159128978224455 0.4865525449388505 0.5159128978224455 0.4865525449388505 0.5728643216080403 0.42639695756459256 0.5728643216080403
1 0.42816623954618843 0.5778894472361809 0.4883218269204463 0.5778894472361809 0.4883218269204463 0.628140703517588 0.42816623954618843 0.628140703517588
1 0.42816623954618843 0.6381909547738693 0.4865525449388505 0.6381909547738693 0.4865525449388505 0.6867671691792295 0.42816623954618843 0.6867671691792295
1 0.42462767558299674 0.4438860971524289 0.47770613503087134 0.4438860971524289 0.47770613503087134 0.49748743718592964 0.42462767558299674 0.49748743718592964
1 0.36093352424554714 0.4489112227805695 0.4157812656750175 0.4489112227805695 0.4157812656750175 0.5008375209380236 0.36093352424554714 0.5008375209380236
1 0.2972393729080977 0.4438860971524289 0.3503178323559723 0.4438860971524289 0.3503178323559723 0.5025125628140703 0.2972393729080977 0.5025125628140703
1 0.4953989548468295 0.4438860971524289 0.5555545422210872 0.4438860971524289 0.5555545422210872 0.4941373534338359 0.4953989548468295 0.4941373534338359
1 0.490091108902042 0.38358458961474035 0.5484774142947041 0.38358458961474035 0.5484774142947041 0.4355108877721943 0.490091108902042 0.4355108877721943
1 0.4883218269204465 0.321608040201005 0.5484774142947044 0.321608040201005 0.5484774142947044 0.37520938023450573 0.4883218269204465 0.37520938023450573
