0 0.5926348158703967 0.507537688442211 0.6362109052726318 0.507537688442211 0.6362109052726318 0.5594639865996649 0.5926348158703967 0.5594639865996649
1 0.5345333633340833 0.5041876046901173 0.581014525363134 0.5041876046901173 0.581014525363134 0.5544388609715243 0.5345333633340833 0.5544388609715243
1 0.48805220130503263 0.5025125628140703 0.528723218080452 0.5025125628140703 0.528723218080452 0.5544388609715243 0.48805220130503263 0.5544388609715243
1 0.42268806720168 0.5041876046901173 0.4677166929173229 0.5041876046901173 0.4677166929173229 0.5544388609715243 0.42268806720168 0.5544388609715243
1 0.42414060351508787 0.5678391959798995 0.467716692917323 0.5678391959798995 0.467716692917323 0.6147403685092128 0.42414060351508787 0.6147403685092128
1 0.41542538563464076 0.6231155778894474 0.4691692292307307 0.6231155778894474 0.4691692292307307 0.671691792294807 0.41542538563464076 0.671691792294807
1 0.3195579889497237 0.4304857621440536 0.36458661466536657 0.4304857621440536 0.36458661466536657 0.4874371859296483 0.3195579889497237 0.4874371859296483
1 0.3747543688592215 0.4321608040201005 0.4168779219480487 0.4321608040201005 0.4168779219480487 0.4874371859296482 0.3747543688592215 0.4874371859296482
1 0.4255931398284956 0.4338358458961473 0.4619065476636915 0.4338358458961473 0.4619065476636915 0.48408710217755435 0.4255931398284956 0.48408710217755435
1 0.48805220130503263 0.4355108877721943 0.5345333633340833 0.4355108877721943 0.5345333633340833 0.48241206030150746 0.48805220130503263 0.48241206030150746
1 0.4822420560514013 0.37185929648241206 0.5258181454536363 0.37185929648241206 0.5258181454536363 0.4204355108877722 0.4822420560514013 0.4204355108877722
1 0.4851471286782169 0.3132328308207705 0.5258181454536363 0.3132328308207705 0.5258181454536363 0.36515912897822445 0.4851471286782169 0.36515912897822445
