2 0.4820658596569674 0.26359832635983266 0.5318917883036824 0.26359832635983266 0.5318917883036824 0.3249651324965134 0.4820658596569674 0.3249651324965134
2 0.488294100737807 0.33472803347280333 0.5431026222491935 0.33472803347280333 0.5431026222491935 0.3891213389121339 0.488294100737807 0.3891213389121339
2 0.3774314094988661 0.3905160390516038 0.41978344884857377 0.3905160390516038 0.41978344884857377 0.4532775453277545 0.3774314094988661 0.4532775453277545
2 0.4272573381455809 0.3905160390516039 0.47583761857612805 0.3905160390516039 0.47583761857612805 0.4504881450488147 0.4272573381455809 0.4504881450488147
2 0.4845571560893034 0.3974895397489538 0.5431026222491935 0.3974895397489538 0.5431026222491935 0.44351464435146426 0.4845571560893034 0.44351464435146426
2 0.42725733814558126 0.4700139470013946 0.47459197035996054 0.4700139470013946 0.47459197035996054 0.516039051603905 0.42725733814558126 0.516039051603905
2 0.48704845252163914 0.46582984658298476 0.538120029384522 0.46582984658298476 0.538120029384522 0.5202231520223153 0.48704845252163914 0.5202231520223153
2 0.5443482704653614 0.46582984658298465 0.5916829026797408 0.46582984658298465 0.5916829026797408 0.5188284518828452 0.5443482704653614 0.5188284518828452
2 1.1534702481714523 0.698744769874477 1.3069404963429045 0.698744769874477 1.3069404963429045 0.8800557880055789 1.1534702481714523 0.8800557880055789
2 0.6004024401929158 0.4630404463040445 0.6489827206234628 0.4630404463040445 0.6489827206234628 0.5174337517433751 0.6004024401929158 0.5174337517433751
2 0.4247660417132454 0.5271966527196653 0.47583761857612833 0.5271966527196653 0.47583761857612833 0.5788005578800558 0.4247660417132454 0.5788005578800558
2 0.428502986361749 0.588563458856346 0.47583761857612833 0.588563458856346 0.47583761857612833 0.6331938633193864 0.428502986361749 0.6331938633193864
0 0.32613448924009375 0.3969849246231158 0.36353523341900346 0.3969849246231158 0.36353523341900346 0.4505862646566167 0.32613448924009375 0.4505862646566167
