0 0.6089215307305761 0.490787269681742 0.6509161190568228 0.490787269681742 0.6509161190568228 0.5477386934673366 0.6089215307305761 0.5477386934673366
1 0.5489292616930809 0.4941373534338358 0.5984228836490144 0.4941373534338358 0.5984228836490144 0.5460636515912898 0.5489292616930809 0.5460636515912898
1 0.49793583301121 0.490787269681742 0.545929648241206 0.490787269681742 0.545929648241206 0.5443886097152428 0.49793583301121 0.5443886097152428
1 0.43494395052184 0.4941373534338358 0.48293776575183606 0.4941373534338358 0.48293776575183606 0.5460636515912898 0.43494395052184 0.5460636515912898
1 0.4304445303440279 0.5544388609715243 0.48143795902589875 0.5544388609715243 0.48143795902589875 0.6046901172529313 0.4304445303440279 0.6046901172529313
1 0.42744491689215314 0.6130653266331658 0.48293776575183617 0.6130653266331658 0.48293776575183617 0.6666666666666665 0.42744491689215314 0.6666666666666665
1 0.3269578662543487 0.42546063651591287 0.37345187475840746 0.42546063651591287 0.37345187475840746 0.4807370184254607 0.3269578662543487 0.4807370184254607
1 0.3824507151140317 0.423785594639866 0.42894472361809044 0.423785594639866 0.42894472361809044 0.47738693467336685 0.3824507151140317 0.47738693467336685
1 0.43644375724777745 0.42713567839195965 0.4769385388480867 0.42713567839195965 0.4769385388480867 0.4723618090452259 0.43644375724777745 0.4723618090452259
1 0.49793583301121 0.41708542713567837 0.5549284885968305 0.41708542713567837 0.5549284885968305 0.474036850921273 0.49793583301121 0.474036850921273
1 0.4949362195593347 0.36348408710217756 0.5459296482412056 0.36348408710217756 0.5459296482412056 0.4120603015075379 0.4949362195593347 0.4120603015075379
1 0.49493621955933526 0.30820770519262974 0.5429300347893313 0.30820770519262974 0.5429300347893313 0.355108877721943 0.49493621955933526 0.355108877721943
