0 0.5675026160251347 0.4388609715242881 0.6010165500423672 0.4388609715242881 0.6010165500423672 0.47068676716917923 0.5675026160251347 0.47068676716917923
1 0.5295201574722714 0.45561139028475706 0.5675026160251347 0.45561139028475706 0.5675026160251347 0.4807370184254606 0.5295201574722714 0.4807370184254606
1 0.4982404857228545 0.47068676716917945 0.5272858952044558 0.47068676716917945 0.5272858952044558 0.4974874371859299 0.4982404857228545 0.4974874371859299
1 0.4557895026343603 0.490787269681742 0.4893034366515926 0.490787269681742 0.4893034366515926 0.5142378559463987 0.4557895026343603 0.5142378559463987
1 0.4781321253125151 0.5175879396984925 0.5116460593297475 0.5175879396984925 0.5116460593297475 0.5376884422110552 0.4781321253125151 0.5376884422110552
1 0.4937719611872236 0.541038525963149 0.531754419740087 0.541038525963149 0.531754419740087 0.5678391959798995 0.4937719611872236 0.5678391959798995
1 0.3597162251182941 0.4891122278056951 0.39546442140334204 0.4891122278056951 0.39546442140334204 0.5192629815745393 0.3597162251182941 0.5192629815745393
1 0.39769868367115746 0.4773869346733669 0.42897835542057433 0.4773869346733669 0.42897835542057433 0.5058626465661642 0.39769868367115746 0.5058626465661642
1 0.42897835542057433 0.457286432160804 0.4624922894378066 0.457286432160804 0.4624922894378066 0.48576214405360135 0.42897835542057433 0.48576214405360135
1 0.46696081397343786 0.4438860971524289 0.5027090102584858 0.4438860971524289 0.5027090102584858 0.4639865996649916 0.46696081397343786 0.4639865996649916
1 0.4468524535630983 0.4154103852596315 0.4848349121159615 0.4154103852596315 0.4848349121159615 0.4438860971524289 0.4468524535630983 0.4438860971524289
1 0.4245098308849433 0.388609715242881 0.46472655170562216 0.388609715242881 0.46472655170562216 0.41708542713567837 0.4245098308849433 0.41708542713567837
