2 0.4609312762076939 0.2663877266387727 0.5185476857336557 0.2663877266387727 0.5185476857336557 0.32496513249651326 0.4609312762076939 0.32496513249651326
2 0.46763085871071275 0.33612273361227324 0.5279271012378817 0.33612273361227324 0.5279271012378817 0.3891213389121338 0.46763085871071275 0.3891213389121338
2 0.34971820665758174 0.3877266387726639 0.39393545117750595 0.3877266387726639 0.39393545117750595 0.45048814504881446 0.34971820665758174 0.45048814504881446
2 0.40197495018112844 0.3877266387726639 0.4555716102052788 0.3877266387726639 0.4555716102052788 0.4518828451882845 0.40197495018112844 0.4518828451882845
2 0.4636111092089015 0.3905160390516039 0.5265871847372784 0.3905160390516039 0.5265871847372784 0.45327754532775455 0.4636111092089015 0.45327754532775455
2 0.4033148666817322 0.4630404463040446 0.4542316937046752 0.4630404463040446 0.4542316937046752 0.5174337517433752 0.4033148666817322 0.5174337517433752
2 0.4729905247131274 0.46582984658298465 0.5185476857336554 0.46582984658298465 0.5185476857336554 0.5230125523012549 0.4729905247131274 0.5230125523012549
2 0.5306069342390894 0.46304044630404473 0.5801838447614285 0.46304044630404473 0.5801838447614285 0.5188284518828453 0.5306069342390894 0.5188284518828453
2 0.593583009767466 0.4588563458856347 0.6404800872885977 0.4588563458856347 0.6404800872885977 0.5160390516039051 0.593583009767466 0.5160390516039051
2 0.3966152841787135 0.5285913528591353 0.4542316937046751 0.5285913528591353 0.4542316937046751 0.5774058577405857 0.3966152841787135 0.5774058577405857
2 0.4033148666817322 0.5843793584379359 0.4542316937046752 0.5843793584379359 0.4542316937046752 0.6359832635983264 0.4033148666817322 0.6359832635983264
0 0.2896643610852956 0.3936348408710218 0.33472326169856376 0.3936348408710218 0.33472326169856376 0.4505862646566165 0.2896643610852956 0.4505862646566165
