0 0.20641509826565538 0.3785594639865997 0.2805955242048753 0.3785594639865997 0.2805955242048753 0.4539363484087102 0.20641509826565538 0.4539363484087102
1 0.29349646784647876 0.37688442211055284 0.37090212969609954 0.37688442211055284 0.37090212969609954 0.4539363484087103 0.29349646784647876 0.4539363484087103
1 0.39025354515850474 0.37520938023450584 0.4628213531425242 0.37520938023450584 0.4628213531425242 0.45728643216080406 0.39025354515850474 0.45728643216080406
1 0.49829894815693393 0.1825795644891123 0.5773172279617551 0.1825795644891123 0.5773172279617551 0.26633165829145733 0.49829894815693393 0.26633165829145733
1 0.4966863302017333 0.2780569514237856 0.5757046100065545 0.2780569514237856 0.5757046100065545 0.3601340033500838 0.4966863302017333 0.3601340033500838
1 0.49507371224653285 0.37520938023450584 0.5740919920513542 0.37520938023450584 0.5740919920513542 0.45058626465661644 0.49507371224653285 0.45058626465661644
1 0.3902535451585048 0.4891122278056951 0.46765920700812563 0.4891122278056951 0.46765920700812563 0.5711892797319931 0.3902535451585048 0.5711892797319931
1 0.391866163113705 0.5845896147403684 0.4676592070081253 0.5845896147403684 0.4676592070081253 0.6649916247906197 0.391866163113705 0.6649916247906197
1 0.39025354515850474 0.6817420435510888 0.4692718249633259 0.6817420435510888 0.4692718249633259 0.7621440536013401 0.39025354515850474 0.7621440536013401
1 0.4982989481569337 0.48743718592964824 0.5757046100065545 0.48743718592964824 0.5757046100065545 0.5678391959798994 0.4982989481569337 0.5678391959798994
1 0.5966686434241601 0.48576214405360135 0.6708490693633801 0.48576214405360135 0.6708490693633801 0.5678391959798994 0.5966686434241601 0.5678391959798994
1 0.6837500130049835 0.48576214405360135 0.7627682928098047 0.48576214405360135 0.7627682928098047 0.5695142378559463 0.6837500130049835 0.5695142378559463
