0 0.34785396305482075 0.23283082077051925 0.40562032515056734 0.23283082077051925 0.40562032515056734 0.31155778894472363 0.34785396305482075 0.31155778894472363
1 0.3553887059368745 0.3249581239530988 0.413155068032621 0.3249581239530988 0.413155068032621 0.40033500837520913 0.3553887059368745 0.40033500837520913
1 0.3629234488189286 0.4137353433835846 0.420689810914675 0.4137353433835846 0.420689810914675 0.489112227805695 0.3629234488189286 0.489112227805695
1 0.380504515543721 0.5192629815745393 0.4345035061984406 0.5192629815745393 0.4345035061984406 0.5979899497487438 0.380504515543721 0.5979899497487438
1 0.444549830041179 0.5075376884422109 0.501060401656583 0.5075376884422109 0.501060401656583 0.5845896147403684 0.444549830041179 0.5845896147403684
1 0.508595144538637 0.49581239530988275 0.5676172971147257 0.49581239530988275 0.5676172971147257 0.5745393634840871 0.508595144538637 0.5745393634840871
1 0.2875760199983897 0.4304857621440536 0.34157501065310925 0.4304857621440536 0.34157501065310925 0.507537688442211 0.2875760199983897 0.507537688442211
1 0.2147401721385356 0.4371859296482412 0.27501811519496666 0.4371859296482412 0.27501811519496666 0.5175879396984925 0.2147401721385356 0.5175879396984925
1 0.148183276680393 0.4455611390284757 0.20720542925648172 0.4455611390284757 0.20720542925648172 0.5293132328308208 0.148183276680393 0.5293132328308208
1 0.29259918191975903 0.5376884422110553 0.3528771249761901 0.5376884422110553 0.3528771249761901 0.6147403685092128 0.29259918191975903 0.6147403685092128
1 0.30013392480181295 0.6298157453936348 0.3666908202599555 0.6298157453936348 0.3666908202599555 0.7051926298157454 0.30013392480181295 0.7051926298157454
1 0.3089244581642091 0.710217755443886 0.37422556314200933 0.710217755443886 0.37422556314200933 0.793969849246231 0.3089244581642091 0.793969849246231
