0 0.5396915338313725 0.15912897822445563 0.6440908797200642 0.15912897822445563 0.6440908797200642 0.25963149078726966 0.5396915338313725 0.25963149078726966
1 0.5414610142701639 0.2696817420435511 0.6458603601588557 0.2696817420435511 0.6458603601588557 0.37353433835845895 0.5414610142701639 0.37353433835845895
1 0.5396915338313725 0.3969849246231156 0.6440908797200642 0.3969849246231156 0.6440908797200642 0.490787269681742 0.5396915338313725 0.490787269681742
1 0.38574673565652196 0.4003350083752093 0.4901460815452136 0.4003350083752093 0.4901460815452136 0.49581239530988275 0.38574673565652196 0.49581239530988275
1 0.2689610266962906 0.3919597989949748 0.3662824508298166 0.3919597989949748 0.3662824508298166 0.49581239530988264 0.2689610266962906 0.49581239530988264
1 0.13978895466451943 0.3936348408710218 0.23887985923683702 0.3936348408710218 0.23887985923683702 0.49748743718592964 0.13978895466451943 0.49748743718592964
1 0.3963636182892703 0.5376884422110553 0.4972240033003793 0.5376884422110553 0.4972240033003793 0.6381909547738693 0.3963636182892703 0.6381909547738693
1 0.5449999751477467 0.5376884422110553 0.6458603601588556 0.5376884422110553 0.6458603601588556 0.6348408710217756 0.5449999751477467 0.6348408710217756
1 0.6653246449855608 0.5326633165829145 0.7714934713130439 0.5326633165829145 0.7714934713130439 0.6381909547738692 0.6653246449855608 0.6381909547738692
1 0.7927272365785408 0.5309882747068677 0.895357102028441 0.5309882747068677 0.895357102028441 0.6381909547738693 0.7927272365785408 0.6381909547738693
1 0.3892856965341047 0.6549413735343382 0.49545452286158786 0.6549413735343382 0.49545452286158786 0.7554438860971523 0.3892856965341047 0.7554438860971523
1 0.3892856965341047 0.7772194304857619 0.4919155619840051 0.7772194304857619 0.4919155619840051 0.8726968174204353 0.3892856965341047 0.8726968174204353
