0 0.5151684347664246 0.11892797319933002 0.6175416493674449 0.11892797319933002 0.6175416493674449 0.22278056951423789 0.5151684347664246 0.22278056951423789
1 0.5135172538857631 0.2361809045226131 0.617541649367445 0.2361809045226131 0.617541649367445 0.340033500837521 0.5135172538857631 0.340033500837521
1 0.5118660730051015 0.355108877721943 0.617541649367445 0.355108877721943 0.617541649367445 0.45728643216080395 0.5118660730051015 0.45728643216080395
1 0.5168196156470862 0.5041876046901171 0.6191928302481067 0.5041876046901171 0.6191928302481067 0.6080402010050251 0.5168196156470862 0.6080402010050251
1 0.6423093625773693 0.5025125628140703 0.7397290345364046 0.5025125628140703 0.7397290345364046 0.6046901172529312 0.6423093625773693 0.6046901172529312
1 0.7595432051043443 0.5008375209380235 0.8586140579440412 0.5008375209380235 0.8586140579440412 0.6080402010050251 0.7595432051043443 0.6080402010050251
1 0.371515698148864 0.507537688442211 0.47388891274988426 0.507537688442211 0.47388891274988426 0.6113902847571189 0.371515698148864 0.6113902847571189
1 0.3731668790295257 0.6331658291457285 0.4788424553918692 0.6331658291457285 0.4788424553918692 0.7353433835845896 0.3731668790295257 0.7353433835845896
1 0.3731668790295257 0.7537688442211057 0.4788424553918692 0.7537688442211057 0.4788424553918692 0.8559463986599664 0.3731668790295257 0.8559463986599664
1 0.12879210869160618 0.3668341708542713 0.2328165041732881 0.3668341708542713 0.2328165041732881 0.4639865996649915 0.12879210869160618 0.4639865996649915
1 0.2526306747412275 0.36180904522613067 0.35005034670026297 0.36180904522613067 0.35005034670026297 0.4639865996649916 0.2526306747412275 0.4639865996649916
1 0.36986451726820235 0.35845896147403683 0.47058655098856095 0.35845896147403683 0.47058655098856095 0.46566164154103845 0.36986451726820235 0.46566164154103845
