0 0.6054806150123404 0.474036850921273 0.6512608566352246 0.474036850921273 0.6512608566352246 0.52428810720268 0.6054806150123404 0.52428810720268
1 0.5537932454381161 0.4656616415410385 0.5980967050731655 0.4656616415410385 0.5980967050731655 0.525963149078727 0.5537932454381161 0.525963149078727
1 0.4991523118882222 0.46901172529313223 0.5464093354989416 0.46901172529313223 0.5464093354989416 0.5276381909547739 0.4991523118882222 0.5276381909547739
1 0.43712746839915334 0.4740368509212731 0.48143092803420257 0.4740368509212731 0.48143092803420257 0.525963149078727 0.43712746839915334 0.525963149078727
1 0.43712746839915306 0.5343383584589615 0.4843844920098724 0.5343383584589615 0.4843844920098724 0.5845896147403685 0.43712746839915306 0.5845896147403685
1 0.43712746839915306 0.5946398659966499 0.4843844920098724 0.5946398659966499 0.4843844920098724 0.6448911222780571 0.43712746839915306 0.6448911222780571
1 0.3307991652750347 0.4020100502512563 0.376579406897919 0.4020100502512563 0.376579406897919 0.45728643216080395 0.3307991652750347 0.45728643216080395
1 0.38544009882492886 0.40201005025125625 0.4282667764721432 0.40201005025125625 0.4282667764721432 0.4606365159128979 0.38544009882492886 0.4606365159128979
1 0.4371274683991531 0.40201005025125625 0.48143092803420245 0.40201005025125625 0.48143092803420245 0.45728643216080395 0.4371274683991531 0.45728643216080395
1 0.496198747912552 0.4036850921273032 0.5464093354989411 0.4036850921273032 0.5464093354989411 0.4539363484087101 0.496198747912552 0.4539363484087101
1 0.4917684019490472 0.340033500837521 0.5434557715232713 0.340033500837521 0.5434557715232713 0.39363484087102185 0.4917684019490472 0.39363484087102185
1 0.49324518393688216 0.2797319932998325 0.5405022075476014 0.2797319932998325 0.5405022075476014 0.3333333333333333 0.49324518393688216 0.3333333333333333
