1 0.4155727818136814 0.48743718592964824 0.4379154044918362 0.48743718592964824 0.4379154044918362 0.509212730318258 0.4155727818136814 0.509212730318258
1 0.4803663875803305 0.45058626465661633 0.5116460593297474 0.45058626465661633 0.5116460593297474 0.4706867671691791 0.4803663875803305 0.4706867671691791
1 0.44238392902746715 0.48743718592964824 0.46249228943780646 0.48743718592964824 0.46249228943780646 0.5108877721943048 0.44238392902746715 0.5108877721943048
1 0.48260064984814616 0.47403685092127307 0.5116460593297476 0.47403685092127307 0.5116460593297476 0.48743718592964824 0.48260064984814616 0.48743718592964824
1 0.4848349121159615 0.48743718592964824 0.5116460593297475 0.48743718592964824 0.5116460593297475 0.5041876046901171 0.4848349121159615 0.5041876046901171
1 0.46696081397343764 0.48743718592964824 0.4848349121159615 0.48743718592964824 0.4848349121159615 0.5058626465661642 0.46696081397343764 0.5058626465661642
1 0.46696081397343764 0.509212730318258 0.4893034366515926 0.509212730318258 0.4893034366515926 0.5276381909547738 0.46696081397343764 0.5276381909547738
1 0.4937719611872236 0.5041876046901173 0.5183488461331939 0.5041876046901173 0.5183488461331939 0.52428810720268 0.4937719611872236 0.52428810720268
1 0.518348846133194 0.5041876046901173 0.5384572065435335 0.5041876046901173 0.5384572065435335 0.52428810720268 0.518348846133194 0.52428810720268
1 0.46696081397343764 0.5293132328308208 0.4893034366515926 0.5293132328308208 0.4893034366515926 0.541038525963149 0.46696081397343764 0.541038525963149
1 0.5406914688113489 0.5041876046901173 0.5607998292216884 0.5041876046901173 0.5607998292216884 0.52428810720268 0.5406914688113489 0.52428810720268
1 0.4691950762412532 0.5443886097152427 0.4960062234550391 0.5443886097152427 0.4960062234550391 0.5594639865996648 0.4691950762412532 0.5594639865996648
