0 0.6026218490828125 0.43383584589614727 0.6439182702128528 0.43383584589614727 0.6439182702128528 0.4857621440536012 0.6026218490828125 0.4857621440536012
1 0.5460304571638681 0.4355108877721944 0.5980333578461413 0.4355108877721944 0.5980333578461413 0.490787269681742 0.5460304571638681 0.490787269681742
1 0.494027556481595 0.43718592964824127 0.5429714630060873 0.43718592964824127 0.5429714630060873 0.49246231155778897 0.494027556481595 0.49246231155778897
1 0.42978867916819863 0.4489112227805695 0.47873258569269106 0.4489112227805695 0.47873258569269106 0.49246231155778897 0.42978867916819863 0.49246231155778897
1 0.4313181762470891 0.5025125628140703 0.4802620827715815 0.5025125628140703 0.4802620827715815 0.5477386934673365 0.4313181762470891 0.5477386934673365
1 0.42978867916819863 0.5611390284757118 0.48332107692936216 0.5611390284757118 0.48332107692936216 0.611390284757119 0.42978867916819863 0.611390284757119
1 0.3227238836458717 0.3785594639865996 0.37013829309147367 0.3785594639865996 0.37013829309147367 0.42713567839195976 0.3227238836458717 0.42713567839195976
1 0.3793152755648158 0.37520938023450584 0.42061169669485626 0.37520938023450584 0.42061169669485626 0.42881072026800665 0.3793152755648158 0.42881072026800665
1 0.4282591820893083 0.373534338358459 0.47261459737712946 0.373534338358459 0.47261459737712946 0.42881072026800676 0.4282591820893083 0.42881072026800676
1 0.494027556481595 0.373534338358459 0.5429714630060873 0.373534338358459 0.5429714630060873 0.423785594639866 0.494027556481595 0.423785594639866
1 0.4909685623238142 0.3132328308207705 0.5475599542427585 0.3132328308207705 0.5475599542427585 0.3634840871021775 0.4909685623238142 0.3634840871021775
1 0.4863800710871431 0.24958123953098826 0.5368534746905258 0.24958123953098826 0.5368534746905258 0.304857621440536 0.4863800710871431 0.304857621440536
