0 0.2252403751038658 0.37185929648241206 0.3003205001384877 0.37185929648241206 0.3003205001384877 0.4505862646566165 0.2252403751038658 0.4505862646566165
1 0.31501008981917467 0.373534338358459 0.3835615083290469 0.373534338358459 0.3835615083290469 0.4539363484087103 0.31501008981917467 0.4539363484087103
1 0.39825109800973374 0.37520938023450584 0.47169904641316834 0.37520938023450584 0.47169904641316834 0.4472361809045226 0.39825109800973374 0.4472361809045226
1 0.5027104024057295 0.373534338358459 0.5777905274403514 0.373534338358459 0.5777905274403514 0.4505862646566165 0.5027104024057295 0.4505862646566165
1 0.5043425790369169 0.2847571189279732 0.5794227040715387 0.2847571189279732 0.5794227040715387 0.3601340033500838 0.5043425790369169 0.3601340033500838
1 0.5059747556681043 0.19262981574539365 0.5843192339651011 0.19262981574539365 0.5843192339651011 0.2730318257956449 0.5059747556681043 0.2730318257956449
1 0.4047798045344835 0.4807370184254606 0.47985992956910534 0.4807370184254606 0.47985992956910534 0.557788944723618 0.4047798045344835 0.557788944723618
1 0.4047798045344835 0.576214405360134 0.47985992956910534 0.576214405360134 0.47985992956910534 0.6482412060301508 0.4047798045344835 0.6482412060301508
1 0.4015154512721086 0.6616415410385259 0.4798599295691053 0.6616415410385259 0.4798599295691053 0.7420435510887772 0.4015154512721086 0.7420435510887772
1 0.5092391089304792 0.48408710217755446 0.5843192339651011 0.48408710217755446 0.5843192339651011 0.557788944723618 0.5092391089304792 0.557788944723618
1 0.5973766470146006 0.4807370184254606 0.6757211253115974 0.4807370184254606 0.6757211253115974 0.5561139028475711 0.5973766470146006 0.5561139028475711
1 0.6855141850987221 0.47738693467336657 0.7605943101333439 0.47738693467336657 0.7605943101333439 0.5611390284757115 0.6855141850987221 0.5611390284757115
