0 0.3351393401723237 0.48743718592964824 0.3775903232608178 0.48743718592964824 0.3775903232608178 0.5159128978224458 0.3351393401723237 0.5159128978224458
1 0.382058847796449 0.4824120603015075 0.42450983088494343 0.4824120603015075 0.42450983088494343 0.5175879396984925 0.382058847796449 0.5175879396984925
1 0.42674409315275885 0.47906197654941374 0.4691950762412532 0.47906197654941374 0.4691950762412532 0.5125628140703518 0.42674409315275885 0.5125628140703518
1 0.4736636007768842 0.40871021775544386 0.5161145838653785 0.40871021775544386 0.5161145838653785 0.4371859296482412 0.4736636007768842 0.4371859296482412
1 0.47589786304469966 0.44053601340033505 0.5161145838653785 0.44053601340033505 0.5161145838653785 0.47403685092127307 0.47589786304469966 0.47403685092127307
1 0.47589786304469944 0.47906197654941374 0.5205831084010093 0.47906197654941374 0.5205831084010093 0.509212730318258 0.47589786304469944 0.509212730318258
1 0.4334468799562054 0.5209380234505863 0.47589786304469966 0.5209380234505863 0.47589786304469966 0.5510887772194305 0.4334468799562054 0.5510887772194305
1 0.4379154044918362 0.5544388609715243 0.48260064984814616 0.5544388609715243 0.48260064984814616 0.5845896147403685 0.4379154044918362 0.5845896147403685
1 0.44014966675965184 0.5879396984924623 0.48706917438377717 0.5879396984924623 0.48706917438377717 0.6197654941373534 0.44014966675965184 0.6197654941373534
1 0.4893034366515926 0.5142378559463987 0.5295201574722714 0.5142378559463987 0.5295201574722714 0.5510887772194305 0.4893034366515926 0.5510887772194305
1 0.5362229442757179 0.507537688442211 0.5764396650963967 0.507537688442211 0.5764396650963967 0.5477386934673367 0.5362229442757179 0.5477386934673367
1 0.5786739273642123 0.5058626465661642 0.6233591727205221 0.5058626465661642 0.6233591727205221 0.5443886097152428 0.5786739273642123 0.5443886097152428
