0 0.6077193368458133 0.4338358458961473 0.6680444180768316 0.4338358458961473 0.6680444180768316 0.4840871021775544 0.6077193368458133 0.4840871021775544
1 0.5272858952044557 0.4371859296482412 0.587610976435474 0.4371859296482412 0.587610976435474 0.4840871021775544 0.5272858952044557 0.4840871021775544
1 0.44908671583091375 0.4388609715242881 0.5094117970619322 0.4388609715242881 0.5094117970619322 0.48743718592964824 0.44908671583091375 0.48743718592964824
1 0.35301343831484755 0.44221105527638194 0.4133385195458657 0.44221105527638194 0.4133385195458657 0.490787269681742 0.35301343831484755 0.490787269681742
1 0.44014966675965184 0.3685092127303182 0.5027090102584856 0.3685092127303182 0.5027090102584856 0.41541038525963137 0.44014966675965184 0.41541038525963137
1 0.44461819129528285 0.3098827470686767 0.5027090102584856 0.3098827470686767 0.5027090102584856 0.35845896147403683 0.44461819129528285 0.35845896147403683
1 0.44238392902746726 0.2562814070351758 0.5071775347941164 0.2562814070351758 0.5071775347941164 0.2964824120603014 0.44238392902746726 0.2964824120603014
1 0.350779176047032 0.37353433835845884 0.4088699950102348 0.37353433835845884 0.4088699950102348 0.42378559463986576 0.350779176047032 0.42378559463986576
1 0.26811147213785896 0.37185929648241206 0.3284365533688772 0.37185929648241206 0.3284365533688772 0.4204355108877722 0.26811147213785896 0.4204355108877722
1 0.18544376822868577 0.373534338358459 0.2524716362631505 0.373534338358459 0.2524716362631505 0.41708542713567837 0.18544376822868577 0.41708542713567837
1 0.3552477005826631 0.5025125628140703 0.41333851954586587 0.5025125628140703 0.41333851954586587 0.5477386934673367 0.3552477005826631 0.5477386934673367
1 0.3485449137792166 0.559463986599665 0.41333851954586587 0.559463986599665 0.41333851954586587 0.6063651591289784 0.3485449137792166 0.6063651591289784
