0 0.49741299088032753 0.2562814070351759 0.5456570602299246 0.2562814070351759 0.5456570602299246 0.3098827470686767 0.49741299088032753 0.3098827470686767
1 0.4907586364872798 0.31825795644891125 0.5523114146229725 0.31825795644891125 0.5523114146229725 0.3685092127303183 0.4907586364872798 0.3685092127303183
1 0.4957494022820656 0.38023450586264657 0.5489842374264484 0.38023450586264657 0.5489842374264484 0.4304857621440536 0.4957494022820656 0.4304857621440536
1 0.427542269753325 0.3768844221105529 0.47578633910292195 0.3768844221105529 0.47578633910292195 0.4338358458961474 0.427542269753325 0.4338358458961474
1 0.3659894916176323 0.37688442211055284 0.4158971495654912 0.37688442211055284 0.4158971495654912 0.4371859296482412 0.3659894916176323 0.4371859296482412
1 0.3077638906784635 0.37688442211055284 0.3609987258228463 0.37688442211055284 0.3609987258228463 0.4355108877721944 0.3077638906784635 0.4355108877721944
1 0.429205858351587 0.44723618090452266 0.4807771048977078 0.44723618090452266 0.4807771048977078 0.5008375209380235 0.429205858351587 0.5008375209380235
1 0.5024037566751134 0.44723618090452255 0.5489842374264483 0.44723618090452255 0.5489842374264483 0.5008375209380234 0.5024037566751134 0.5008375209380234
1 0.5573021804177576 0.44723618090452205 0.6072098383656163 0.44723618090452205 0.6072098383656163 0.4974874371859291 0.5573021804177576 0.4974874371859291
1 0.6188549585534507 0.4455611390284759 0.6704262050995716 0.4455611390284759 0.6704262050995716 0.49916247906197664 0.6188549585534507 0.49916247906197664
1 0.427542269753325 0.5108877721943048 0.48244069349596985 0.5108877721943048 0.48244069349596985 0.559463986599665 0.427542269753325 0.559463986599665
1 0.4308694469498489 0.5678391959798995 0.4791135162994459 0.5678391959798995 0.4791135162994459 0.6180904522613065 0.4308694469498489 0.6180904522613065
1 1.044733639708514 0.6884422110552764 1.0894672794170281 0.6884422110552764 1.0894672794170281 0.8944723618090453 1.044733639708514 0.8944723618090453
