0 0.3329050779045082 0.4807370184254606 0.377590323260818 0.4807370184254606 0.377590323260818 0.5159128978224455 0.3329050779045082 0.5159128978224455
1 0.382058847796449 0.4807370184254606 0.42227556861712784 0.4807370184254606 0.42227556861712784 0.5142378559463987 0.382058847796449 0.5142378559463987
1 0.42674409315275885 0.4773869346733669 0.46696081397343764 0.4773869346733669 0.46696081397343764 0.509212730318258 0.42674409315275885 0.509212730318258
1 0.4803663875803306 0.4036850921273032 0.5161145838653785 0.4036850921273032 0.5161145838653785 0.4388609715242881 0.4803663875803306 0.4388609715242881
1 0.4803663875803306 0.44053601340033505 0.5183488461331939 0.44053601340033505 0.5183488461331939 0.4723618090452261 0.4803663875803306 0.4723618090452261
1 0.47589786304469966 0.47571189279731996 0.5228173706688249 0.47571189279731996 0.5228173706688249 0.5058626465661642 0.47589786304469966 0.5058626465661642
1 0.4334468799562054 0.5209380234505863 0.4781321253125152 0.5209380234505863 0.4781321253125152 0.5510887772194305 0.4334468799562054 0.5510887772194305
1 0.4356811422240208 0.5527638190954773 0.4803663875803306 0.5527638190954773 0.4803663875803306 0.5845896147403685 0.4356811422240208 0.5845896147403685
1 0.44014966675965184 0.5896147403685092 0.48483491211596164 0.5896147403685092 0.48483491211596164 0.6197654941373534 0.44014966675965184 0.6197654941373534
1 0.4893034366515926 0.5142378559463987 0.5295201574722714 0.5142378559463987 0.5295201574722714 0.5477386934673367 0.4893034366515926 0.5477386934673367
1 0.5339886820079024 0.5108877721943048 0.5786739273642123 0.5108877721943048 0.5786739273642123 0.5477386934673368 0.5339886820079024 0.5477386934673368
1 0.5831424518998433 0.5108877721943048 0.6233591727205221 0.5108877721943048 0.6233591727205221 0.5393634840871022 0.5831424518998433 0.5393634840871022
