0 0.22478649598127412 0.457286432160804 0.2825528580770205 0.457286432160804 0.2825528580770205 0.5360134003350083 0.22478649598127412 0.5360134003350083
1 0.29762234384112823 0.4656616415410385 0.35790028689755926 0.4656616415410385 0.35790028689755926 0.5427135678391959 0.29762234384112823 0.5427135678391959
1 0.3729697726616672 0.474036850921273 0.43073613475741374 0.474036850921273 0.43073613475741374 0.5544388609715242 0.3729697726616672 0.5544388609715242
1 0.47343301108905217 0.2797319932998325 0.5261762112634294 0.2797319932998325 0.5261762112634294 0.36348408710217756 0.47343301108905217 0.36348408710217756
1 0.464642477726656 0.38358458961474035 0.5211530493420601 0.38358458961474035 0.5211530493420601 0.46063651591289784 0.464642477726656 0.46063651591289784
1 0.4633866872463137 0.4824120603015075 0.5186414683813755 0.4824120603015075 0.5186414683813755 0.5561139028475712 0.4633866872463137 0.5561139028475712
1 0.46213089676597136 0.5946398659966499 0.5186414683813755 0.5946398659966499 0.5186414683813755 0.6733668341708543 0.46213089676597136 0.6733668341708543
1 0.5387341160668525 0.6080402010050251 0.5914773162412297 0.6080402010050251 0.5914773162412297 0.6867671691792296 0.5387341160668525 0.6867671691792296
1 0.609058382966022 0.6180904522613067 0.6668247450617685 0.6180904522613067 0.6668247450617685 0.695142378559464 0.609058382966022 0.695142378559464
1 0.37296977266166703 0.5946398659966499 0.43324771571809817 0.5946398659966499 0.43324771571809817 0.6683417085427136 0.37296977266166703 0.6683417085427136
1 0.36920240122064013 0.6884422110552764 0.42822455379672886 0.6884422110552764 0.42822455379672886 0.7621440536013401 0.36920240122064013 0.7621440536013401
1 0.367946610740298 0.7788944723618091 0.4232013918753599 0.7788944723618091 0.4232013918753599 0.8576214405360132 0.367946610740298 0.8576214405360132
