0 0.505342979960041 0.025125628140703512 0.6137313071381 0.025125628140703512 0.6137313071381 0.14572864321608042 0.505342979960041 0.14572864321608042
0 0.5630562450808259 0.021775544388609715 0.5686868075316341 0.021775544388609715 0.5686868075316341 0.028475711892797316 0.5630562450808259 0.028475711892797316
1 0.5166041048616578 0.17252931323283083 0.6193618695889085 0.17252931323283083 0.6193618695889085 0.2897822445561139 0.5166041048616578 0.2897822445561139
1 0.5306805109886783 0.31993299832495814 0.6362535569413333 0.31993299832495814 0.6362535569413333 0.4438860971524289 0.5306805109886783 0.4438860971524289
1 0.37865532481685543 0.3417085427135678 0.48422837076951014 0.3417085427135678 0.48422837076951014 0.4673366834170854 0.37865532481685543 0.4673366834170854
1 0.2547829508990737 0.3618090452261306 0.3575407156263245 0.3618090452261306 0.3575407156263245 0.47738693467336674 0.2547829508990737 0.47738693467336674
1 0.12387237391778168 0.37018425460636517 0.2336683417085427 0.37018425460636517 0.2336683417085427 0.49748743718592964 0.12387237391778168 0.49748743718592964
1 0.40258521523279045 0.52428810720268 0.5067506205727432 0.52428810720268 0.5067506205727432 0.6432160804020101 0.40258521523279045 0.6432160804020101
1 0.4138463401344067 0.6733668341708544 0.5180117454743596 0.6733668341708544 0.5180117454743596 0.8073701842546065 0.4138463401344067 0.8073701842546065
1 0.4251074650360235 0.8257956448911223 0.5320881516013805 0.8257956448911223 0.5320881516013805 0.9463986599664993 0.4251074650360235 0.9463986599664993
1 0.5517951201792094 0.49246231155778886 0.6531452442937581 0.49246231155778886 0.6531452442937581 0.6180904522613063 0.5517951201792094 0.6180904522613063
1 0.6798904159350972 0.48408710217755446 0.7812405400496458 0.48408710217755446 0.7812405400496458 0.6063651591289784 0.6798904159350972 0.6063651591289784
1 0.8023551492401768 0.46733668341708506 0.9079281951928316 0.46733668341708506 0.9079281951928316 0.5979899497487433 0.8023551492401768 0.5979899497487433
