0 0.7169537527208233 0.4874371859296483 0.8043067386845097 0.4874371859296483 0.8043067386845097 0.5862646566164154 0.7169537527208233 0.5862646566164154
1 0.6065263931063517 0.48576214405360135 0.6938793790700383 0.48576214405360135 0.6938793790700383 0.5795644891122278 0.6065263931063517 0.5795644891122278
1 0.49445086394539545 0.48073701842546057 0.5867483585485359 0.48073701842546057 0.5867483585485359 0.5745393634840871 0.49445086394539545 0.5745393634840871
1 0.3609491306801387 0.4874371859296483 0.45819113392273314 0.4874371859296483 0.45819113392273314 0.5812395309882747 0.3609491306801387 0.5812395309882747
1 0.35765279158716934 0.6030150753768844 0.45489479482976375 0.6030150753768844 0.45489479482976375 0.6951423785594641 0.35765279158716934 0.6951423785594641
1 0.3560046220406847 0.7135678391959799 0.44995028619030986 0.7135678391959799 0.44995028619030986 0.8073701842546064 0.3560046220406847 0.8073701842546064
1 0.1351499028117414 0.34673366834170866 0.23239190605433588 0.34673366834170866 0.23239190605433588 0.4455611390284758 0.1351499028117414 0.4455611390284758
1 0.24722543197269772 0.34505862646566166 0.3395229265758382 0.34505862646566166 0.3395229265758382 0.44723618090452266 0.24722543197269772 0.44723618090452266
1 0.3560046220406847 0.34673366834170855 0.4515984557367946 0.34673366834170855 0.4515984557367946 0.4489112227805695 0.3560046220406847 0.4489112227805695
1 0.4878581857594569 0.3500837520938023 0.5851001890020513 0.3500837520938023 0.5851001890020513 0.4489112227805695 0.4878581857594569 0.4489112227805695
1 0.492802694398911 0.23785594639865992 0.586748358548536 0.23785594639865992 0.586748358548536 0.3366834170854271 0.492802694398911 0.3366834170854271
1 0.49445086394539545 0.1273031825795645 0.5900446976415052 0.1273031825795645 0.5900446976415052 0.22278056951423786 0.49445086394539545 0.22278056951423786
