0 0.6166510946693265 0.46398659966499156 0.6666498320749479 0.46398659966499156 0.6666498320749479 0.5159128978224454 0.6166510946693265 0.5159128978224454
1 0.559985858942956 0.46566164154103845 0.6066513471882024 0.46566164154103845 0.6066513471882024 0.5175879396984924 0.559985858942956 0.5175879396984924
1 0.49998737405621074 0.46733668341708545 0.5483194868816444 0.46733668341708545 0.5483194868816444 0.5192629815745393 0.49998737405621074 0.5192629815745393
1 0.4299891416883412 0.47236180904522607 0.48332112825433704 0.47236180904522607 0.48332112825433704 0.5209380234505863 0.4299891416883412 0.5209380234505863
1 0.43332239084871593 0.5309882747068677 0.48332112825433704 0.5309882747068677 0.48332112825433704 0.5812395309882746 0.43332239084871593 0.5812395309882746
1 0.43498901542890334 0.5879396984924624 0.4866543774147116 0.5879396984924624 0.4866543774147116 0.6381909547738693 0.43498901542890334 0.6381909547738693
1 0.3133254210752254 0.4003350083752093 0.35999090932047173 0.4003350083752093 0.35999090932047173 0.45896147403685084 0.3133254210752254 0.45896147403685084
1 0.37165728138178333 0.4003350083752093 0.4166561450468423 0.4003350083752093 0.4166561450468423 0.45561139028475706 0.37165728138178333 0.45561139028475706
1 0.42832251710815383 0.4003350083752093 0.47665462993358754 0.4003350083752093 0.47665462993358754 0.45393634840871017 0.42832251710815383 0.45393634840871017
1 0.4949875003156486 0.3969849246231156 0.5499861114618317 0.3969849246231156 0.5499861114618317 0.4505862646566165 0.4949875003156486 0.4505862646566165
1 0.49332087573546124 0.3433835845896148 0.5533193606222065 0.3433835845896148 0.5533193606222065 0.390284757118928 0.49332087573546124 0.390284757118928
1 0.4866543774147115 0.27973199329983245 0.5449862377212694 0.27973199329983245 0.5449862377212694 0.3316582914572863 0.4866543774147115 0.3316582914572863
