0 0.6251847472657406 0.46231155778894467 0.668046112917529 0.46231155778894467 0.668046112917529 0.5209380234505863 0.6251847472657406 0.5209380234505863
1 0.5704995566065623 0.46231155778894467 0.6177948566361219 0.46231155778894467 0.6177948566361219 0.5192629815745393 0.5704995566065623 0.5192629815745393
1 0.5202483003251552 0.4623115577889446 0.5631096659769436 0.4623115577889446 0.5631096659769436 0.5192629815745391 0.5202483003251552 0.5192629815745391
1 0.45226130653266333 0.4690117252931323 0.49955660656222295 0.4690117252931323 0.49955660656222295 0.5209380234505863 0.45226130653266333 0.5209380234505863
1 0.4537392846585872 0.5293132328308207 0.5025125628140705 0.5293132328308207 0.5025125628140705 0.5795644891122277 0.4537392846585872 0.5795644891122277
1 0.45669524091043456 0.5879396984924623 0.5025125628140704 0.5879396984924623 0.5025125628140704 0.6381909547738693 0.45669524091043456 0.6381909547738693
1 0.3488028377180018 0.4020100502512563 0.3960981377475614 0.4020100502512563 0.3960981377475614 0.45393634840871017 0.3488028377180018 0.45393634840871017
1 0.4020100502512564 0.39865996649916247 0.4463493940289685 0.39865996649916247 0.4463493940289685 0.4539363484087103 0.4020100502512564 0.4539363484087103
1 0.45521726278451086 0.3953098827470687 0.49807862843629924 0.3953098827470687 0.49807862843629924 0.45226130653266344 0.45521726278451086 0.45226130653266344
1 0.5128584096955365 0.3953098827470687 0.5645876441028672 0.3953098827470687 0.5645876441028672 0.4489112227805695 0.5128584096955365 0.4489112227805695
1 0.5113804315696129 0.33333333333333326 0.5616316878510199 0.33333333333333326 0.5616316878510199 0.3869346733668341 0.5113804315696129 0.3869346733668341
1 0.5113804315696129 0.2747068676716918 0.5616316878510199 0.2747068676716918 0.5616316878510199 0.3283082077051926 0.5113804315696129 0.3283082077051926
