0 0.5801752019181489 0.254606365159129 0.6241278687301297 0.254606365159129 0.6241278687301297 0.31155778894472363 0.5801752019181489 0.31155778894472363
1 0.5814309923984912 0.3149078726968174 0.6266394496908144 0.3149078726968174 0.6266394496908144 0.3668341708542713 0.5814309923984912 0.3668341708542713
1 0.5889657352805451 0.3785594639865997 0.6316626116121836 0.3785594639865997 0.6316626116121836 0.4288107202680067 0.5889657352805451 0.4288107202680067
1 0.5236646303027447 0.37520938023450584 0.568873087595068 0.37520938023450584 0.568873087595068 0.4304857621440536 0.5236646303027447 0.4304857621440536
1 0.47092143012836757 0.37688442211055284 0.5136183064600062 0.37688442211055284 0.5136183064600062 0.4271356783919598 0.47092143012836757 0.4271356783919598
1 0.4181782299539904 0.37185929648241206 0.46087510628562894 0.37185929648241206 0.46087510628562894 0.42378559463986604 0.4181782299539904 0.42378559463986604
1 0.5261762112634294 0.45058626465661644 0.5713846685557527 0.45058626465661644 0.5713846685557527 0.5041876046901171 0.5261762112634294 0.5041876046901171
1 0.5299435827044563 0.5108877721943048 0.5776636209574642 0.5108877721943048 0.5776636209574642 0.5661641541038526 0.5299435827044563 0.5661641541038526
1 0.5311993731847986 0.576214405360134 0.5826867828788335 0.576214405360134 0.5826867828788335 0.6348408710217756 0.5311993731847986 0.6348408710217756
1 0.592733106721572 0.45058626465661644 0.6379415640138952 0.45058626465661644 0.6379415640138952 0.5041876046901171 0.592733106721572 0.5041876046901171
1 0.6479878878566341 0.4489112227805695 0.6931963451489573 0.4489112227805695 0.6931963451489573 0.5008375209380235 0.6479878878566341 0.5008375209380235
1 0.7032426689916956 0.4489112227805695 0.7497069167643612 0.4489112227805695 0.7497069167643612 0.5025125628140703 0.7032426689916956 0.5025125628140703
