0 0.6818942308258762 0.8827470686767169 0.7647764025284689 0.8827470686767169 0.7647764025284689 0.9949748743718593 0.6818942308258762 0.9949748743718593
1 0.6165931258480759 0.7721943048576214 0.6969637165899841 0.7721943048576214 0.6969637165899841 0.8844221105527639 0.6165931258480759 0.8844221105527639
1 0.5525478113506179 0.6733668341708543 0.632918402092526 0.6733668341708543 0.632918402092526 0.7822445561139029 0.5525478113506179 0.7822445561139029
1 0.6391973544942374 0.5628140703517588 0.717056364275461 0.5628140703517588 0.717056364275461 0.6767169179229481 0.6391973544942374 0.6767169179229481
1 0.7195679452361456 0.48576214405360135 0.7986827454977112 0.48576214405360135 0.7986827454977112 0.5912897822445561 0.7195679452361456 0.5912897822445561
1 0.7936595835763418 0.40201005025125647 0.8752859647985921 0.40201005025125647 0.8752859647985921 0.5075376884422111 0.7936595835763418 0.5075376884422111
1 0.5563151827916447 0.44053601340033505 0.6404531449745797 0.44053601340033505 0.6404531449745797 0.5510887772194305 0.5563151827916447 0.5510887772194305
1 0.4947814492548715 0.3417085427135678 0.5789194114378066 0.3417085427135678 0.5789194114378066 0.4539363484087102 0.4947814492548715 0.4539363484087102
1 0.43073613475741346 0.23450586264656603 0.5173856779010328 0.23450586264656603 0.5173856779010328 0.3450586264656615 0.43073613475741346 0.3450586264656615
1 0.47217722060870987 0.5494137353433836 0.5525478113506179 0.5494137353433836 0.5525478113506179 0.6683417085427137 0.47217722060870987 0.6683417085427137
1 0.39306242034714406 0.6365159128978223 0.4759445920497367 0.6365159128978223 0.4759445920497367 0.7453936348408708 0.39306242034714406 0.7453936348408708
1 0.316459201046263 0.7219430485762143 0.3955740013078287 0.7219430485762143 0.3955740013078287 0.8358458961474037 0.316459201046263 0.8358458961474037
