0 0.6093566712256492 0.509212730318258 0.6513812692412113 0.509212730318258 0.6513812692412113 0.5628140703517588 0.6093566712256492 0.5628140703517588
1 0.5538241667050855 0.5092127303182579 0.5973496432212033 0.5092127303182579 0.5973496432212033 0.5661641541038521 0.5538241667050855 0.5661641541038521
1 0.5012934191856326 0.5108877721943048 0.546319774202306 0.5108877721943048 0.546319774202306 0.5678391959798995 0.5012934191856326 0.5678391959798995
1 0.43525476516117806 0.5175879396984925 0.4832828771789632 0.5175879396984925 0.4832828771789632 0.5711892797319932 0.43525476516117806 0.5711892797319932
1 0.4367556436617338 0.5778894472361809 0.48778551268063053 0.5778894472361809 0.48778551268063053 0.626465661641541 0.4367556436617338 0.626465661641541
1 0.43825652216228966 0.6365159128978225 0.4892863911811864 0.6365159128978225 0.4892863911811864 0.6867671691792296 0.43825652216228966 0.6867671691792296
1 0.43225300816006645 0.4438860971524289 0.4802811201778516 0.4438860971524289 0.4802811201778516 0.5008375209380235 0.43225300816006645 0.5008375209380235
1 0.38122313914116973 0.44723618090452283 0.42624949415784336 0.44723618090452283 0.42624949415784336 0.5041876046901173 0.38122313914116973 0.5041876046901173
1 0.32569063462060555 0.4472361809045227 0.3737187466383907 0.4472361809045227 0.3737187466383907 0.5025125628140704 0.32569063462060555 0.5025125628140704
1 0.4952899051834095 0.44221105527638194 0.5463197742023062 0.44221105527638194 0.5463197742023062 0.4974874371859296 0.4952899051834095 0.4974874371859296
1 0.490787269681742 0.3835845896147404 0.540316260200083 0.3835845896147404 0.540316260200083 0.4338358458961474 0.490787269681742 0.4338358458961474
1 0.4892863911811863 0.3232830820770519 0.5388153816995273 0.3232830820770519 0.5388153816995273 0.3785594639865996 0.4892863911811863 0.3785594639865996
