0 0.5007017067318575 0.05695142378559463 0.608447643623523 0.05695142378559463 0.608447643623523 0.17252931323283083 0.5007017067318575 0.17252931323283083
1 0.5070397030196026 0.19095477386934673 0.6116166417673956 0.19095477386934673 0.6116166417673956 0.2964824120603015 0.5070397030196026 0.2964824120603015
1 0.5197156955950928 0.3216080402010049 0.6274616324867582 0.3216080402010049 0.6274616324867582 0.4304857621440535 0.5197156955950928 0.4304857621440535
1 0.3707727828330844 0.340033500837521 0.4801032187966862 0.340033500837521 0.4801032187966862 0.4539363484087102 0.3707727828330844 0.4539363484087102
1 0.24559735615012004 0.35343383584589616 0.3533432930417856 0.35343383584589616 0.3533432930417856 0.46398659966499156 0.24559735615012004 0.46398659966499156
1 0.12042192946715559 0.3701842546063652 0.22816786635882108 0.3701842546063652 0.22816786635882108 0.4773869346733669 0.12042192946715559 0.4773869346733669
1 0.39137127076825573 0.5008375209380235 0.497532708587985 0.5008375209380235 0.497532708587985 0.609715242881072 0.39137127076825573 0.609715242881072
1 0.4040472633437458 0.6365159128978225 0.510208701163475 0.6365159128978225 0.510208701163475 0.743718592964824 0.4040472633437458 0.743718592964824
1 0.40563176241568205 0.7705192629815744 0.527638190954774 0.7705192629815744 0.527638190954774 0.8827470686767168 0.40563176241568205 0.8827470686767168
1 0.5466521798180087 0.48073701842546057 0.6496446194938653 0.48073701842546057 0.6496446194938653 0.589614740368509 0.5466521798180087 0.589614740368509
1 0.6686586083571009 0.467336683417085 0.7700665489610214 0.467336683417085 0.7700665489610214 0.5762144053601335 0.6686586083571009 0.5762144053601335
1 0.7938340350400653 0.45561139028475706 0.8999954728597944 0.45561139028475706 0.8999954728597944 0.5661641541038526 0.7938340350400653 0.5661641541038526
