0 0.5035719826172678 0.2881072026800668 0.5299435827044563 0.2881072026800668 0.5299435827044563 0.3366834170854271 0.5035719826172678 0.3366834170854271
1 0.4985488206958985 0.340033500837521 0.5274320017437718 0.340033500837521 0.5274320017437718 0.37855946398659973 0.4985488206958985 0.37855946398659973
1 0.4947814492548719 0.3835845896147404 0.5211530493420603 0.3835845896147404 0.5211530493420603 0.4204355108877721 0.4947814492548719 0.4204355108877721
1 0.4910140778138446 0.4371859296482412 0.5211530493420601 0.4371859296482412 0.5211530493420601 0.47571189279731996 0.4910140778138446 0.47571189279731996
1 0.5261762112634292 0.4371859296482412 0.5525478113506177 0.4371859296482412 0.5525478113506177 0.4807370184254606 0.5261762112634292 0.4807370184254606
1 0.5575709732719872 0.44388609715242894 0.5851983638395181 0.44388609715242894 0.5851983638395181 0.48576214405360135 0.5575709732719872 0.48576214405360135
1 0.4558519443642598 0.37688442211055284 0.4822235444514484 0.37688442211055284 0.4822235444514484 0.4170854271356783 0.4558519443642598 0.4170854271356783
1 0.420689810914675 0.3685092127303183 0.44957299196254824 0.3685092127303183 0.44957299196254824 0.4103852596314908 0.420689810914675 0.4103852596314908
1 0.38803925842577486 0.36348408710217756 0.4156666489933058 0.36348408710217756 0.4156666489933058 0.407035175879397 0.38803925842577486 0.407035175879397
1 0.44957299196254824 0.4321608040201005 0.47845617301042137 0.4321608040201005 0.47845617301042137 0.4706867671691791 0.44957299196254824 0.4706867671691791
1 0.44580562052152134 0.47738693467336696 0.4772003825300792 0.47738693467336696 0.4772003825300792 0.5159128978224456 0.44580562052152134 0.5159128978224456
1 0.4420382490804944 0.5209380234505863 0.47217722060870987 0.5209380234505863 0.47217722060870987 0.5611390284757118 0.4420382490804944 0.5611390284757118
