0 0.5387341160668525 0.5778894472361809 0.560082554232672 0.5778894472361809 0.560082554232672 0.6113902847571189 0.5387341160668525 0.6113902847571189
1 0.5236646303027448 0.5577889447236181 0.5462688589489063 0.5577889447236181 0.5462688589489063 0.5812395309882745 0.5236646303027448 0.5812395309882745
1 0.5098509350189793 0.5309882747068677 0.5299435827044563 0.5309882747068677 0.5299435827044563 0.5611390284757118 0.5098509350189793 0.5611390284757118
1 0.5311993731847986 0.507537688442211 0.5475246494292487 0.507537688442211 0.5475246494292487 0.541038525963149 0.5311993731847986 0.541038525963149
1 0.5425014875078794 0.49413735343383586 0.5676172971147257 0.49413735343383586 0.5676172971147257 0.5226130653266332 0.5425014875078794 0.5226130653266332
1 0.5588267637523295 0.4723618090452261 0.5826867828788335 0.4723618090452261 0.5826867828788335 0.5041876046901173 0.5588267637523295 0.5041876046901173
1 0.5136183064600062 0.48743718592964824 0.5311993731847985 0.48743718592964824 0.5311993731847985 0.5108877721943048 0.5136183064600062 0.5108877721943048
1 0.49603723973521385 0.4639865996649916 0.5173856779010332 0.4639865996649916 0.5173856779010332 0.48743718592964824 0.49603723973521385 0.48743718592964824
1 0.48599091589247534 0.44221105527638194 0.5035719826172678 0.44221105527638194 0.5035719826172678 0.46733668341708545 0.48599091589247534 0.46733668341708545
1 0.4947814492548715 0.509212730318258 0.5123625159796639 0.509212730318258 0.5123625159796639 0.5376884422110553 0.4947814492548715 0.5376884422110553
1 0.47720038253007907 0.525963149078727 0.4972930302155561 0.525963149078727 0.4972930302155561 0.5527638190954774 0.47720038253007907 0.5527638190954774
1 0.45961931580528675 0.5443886097152427 0.4797119634907639 0.5443886097152427 0.4797119634907639 0.5728643216080401 0.45961931580528675 0.5728643216080401
