0 0.6070290135179801 0.46398659966499184 0.6542242987512814 0.46398659966499184 0.6542242987512814 0.5175879396984927 0.6070290135179801 0.5175879396984927
1 0.5451869156260678 0.46733668341708545 0.5956370481168383 0.46733668341708545 0.5956370481168383 0.5175879396984925 0.5451869156260678 0.5175879396984925
1 0.48659966499162477 0.4656616415410385 0.5386772211111298 0.4656616415410385 0.5386772211111298 0.5175879396984925 0.48659966499162477 0.5175879396984925
1 0.4231301434709781 0.4706867671691792 0.471952852333014 0.4706867671691792 0.471952852333014 0.5209380234505863 0.4231301434709781 0.5209380234505863
1 0.4231301434709781 0.5343383584589615 0.471952852333014 0.5343383584589615 0.471952852333014 0.5812395309882747 0.4231301434709781 0.5812395309882747
1 0.4231301434709781 0.5912897822445561 0.47358027596174856 0.5912897822445561 0.47358027596174856 0.6398659966499163 0.4231301434709781 0.6398659966499163
1 0.2994459476871537 0.4003350083752093 0.3498960801779242 0.4003350083752093 0.3498960801779242 0.45561139028475706 0.2994459476871537 0.45561139028475706
1 0.3612880455790659 0.39865996649916247 0.40685590718363274 0.39865996649916247 0.40685590718363274 0.45728643216080395 0.3612880455790659 0.45728643216080395
1 0.41662044895604 0.39865996649916247 0.4638157341893414 0.39865996649916247 0.4638157341893414 0.4539363484087102 0.41662044895604 0.4539363484087102
1 0.4833448177341558 0.39865996649916247 0.5370497974823952 0.39865996649916247 0.5370497974823952 0.44723618090452266 0.4833448177341558 0.44723618090452266
1 0.4849722413628903 0.33668341708542715 0.5451869156260679 0.33668341708542715 0.5451869156260679 0.38693467336683424 0.4849722413628903 0.38693467336683424
1 0.47683512321921756 0.27638190954773867 0.5337949502249262 0.27638190954773867 0.5337949502249262 0.32998324958123953 0.47683512321921756 0.32998324958123953
