0 0.6016876320600826 0.5443886097152428 0.6501352076285567 0.5443886097152428 0.6501352076285567 0.6013400335008375 0.6016876320600826 0.6013400335008375
1 0.545425931399919 0.5443886097152428 0.5907478569317175 0.5443886097152428 0.5907478569317175 0.5946398659966499 0.545425931399919 0.5946398659966499
1 0.48916423073975535 0.541038525963149 0.5376118063082296 0.541038525963149 0.5376118063082296 0.5963149078726969 0.48916423073975535 0.5963149078726969
1 0.4219627549512267 0.544388609715243 0.4719731555380387 0.544388609715243 0.4719731555380387 0.5946398659966499 0.4219627549512267 0.5946398659966499
1 0.42039992993288866 0.6030150753768844 0.4688475055013628 0.6030150753768844 0.4688475055013628 0.6549413735343382 0.42039992993288866 0.6549413735343382
1 0.4188371049145509 0.6649916247906198 0.4672846804830251 0.6649916247906198 0.4672846804830251 0.7152428810720268 0.4188371049145509 0.7152428810720268
1 0.3063137035942239 0.46398659966499173 0.3531984541443602 0.46398659966499173 0.3531984541443602 0.5192629815745394 0.3063137035942239 0.5192629815745394
1 0.3641382292727253 0.4656616415410385 0.4125858048411995 0.4656616415410385 0.4125858048411995 0.5226130653266332 0.3641382292727253 0.5226130653266332
1 0.4219627549512267 0.4639865996649916 0.4672846804830251 0.4639865996649916 0.4672846804830251 0.5226130653266332 0.4219627549512267 0.5226130653266332
1 0.4844757556847419 0.47068676716917923 0.5376118063082297 0.47068676716917923 0.5376118063082297 0.5209380234505863 0.4844757556847419 0.5209380234505863
1 0.48760140572141775 0.4120603015075377 0.5438631063815813 0.4120603015075377 0.5438631063815813 0.4623115577889447 0.48760140572141775 0.4623115577889447
1 0.4922898807764312 0.3433835845896148 0.5438631063815812 0.3433835845896148 0.5438631063815812 0.4036850921273032 0.4922898807764312 0.4036850921273032
