0 0.6142655954933907 0.507537688442211 0.6595930821837427 0.507537688442211 0.6595930821837427 0.5644891122278056 0.6142655954933907 0.5644891122278056
1 0.557996991326057 0.5108877721943048 0.603324478016409 0.5108877721943048 0.603324478016409 0.5644891122278058 0.557996991326057 0.5644891122278058
1 0.5048544207235753 0.5075376884422109 0.5501819074139275 0.5075376884422109 0.5501819074139275 0.5678391959798995 0.5048544207235753 0.5678391959798995
1 0.43608168229683464 0.5159128978224454 0.4860982193344644 0.5159128978224454 0.4860982193344644 0.5678391959798994 0.43608168229683464 0.5678391959798994
1 0.4360816822968346 0.576214405360134 0.4876612361168903 0.576214405360134 0.4876612361168903 0.626465661641541 0.4360816822968346 0.626465661641541
1 0.43608168229683436 0.6331658291457286 0.4907872696817419 0.6331658291457286 0.4907872696817419 0.6850921273031826 0.43608168229683436 0.6850921273031826
1 0.3204184403973157 0.4455611390284757 0.3704349774349455 0.4455611390284757 0.3704349774349455 0.5008375209380235 0.3204184403973157 0.5008375209380235
1 0.37668704456464913 0.4455611390284757 0.425140564819853 0.4455611390284757 0.425140564819853 0.5008375209380236 0.37668704456464913 0.5008375209380236
1 0.4345186655144084 0.4438860971524289 0.47828313542233447 0.4438860971524289 0.47828313542233447 0.49581239530988286 0.4345186655144084 0.49581239530988286
1 0.4970393368114456 0.4438860971524282 0.548618890631501 0.4438860971524282 0.548618890631501 0.49078726968174147 0.4970393368114456 0.49078726968174147
1 0.4939133032465939 0.321608040201005 0.5408038067193719 0.321608040201005 0.5408038067193719 0.38023450586264657 0.4939133032465939 0.38023450586264657
1 0.4939133032465939 0.38358458961474035 0.5439298402842238 0.38358458961474035 0.5439298402842238 0.4338358458961473 0.4939133032465939 0.4338358458961473
