0 0.32336511414365143 0.41708542713567837 0.37496593023040425 0.41708542713567837 0.37496593023040425 0.46901172529313234 0.32336511414365143 0.46901172529313234
1 0.3818460390419709 0.42211055276381926 0.4248467191142649 0.42211055276381926 0.4248467191142649 0.47236180904522634 0.3818460390419709 0.47236180904522634
1 0.43688690953450776 0.4204355108877722 0.4798875896068017 0.4204355108877722 0.4798875896068017 0.4706867671691792 0.43688690953450776 0.4706867671691792
1 0.5039679704472865 0.3165829145728643 0.5521287321282556 0.3165829145728643 0.5521287321282556 0.36515912897822445 0.5039679704472865 0.36515912897822445
1 0.5039679704472865 0.373534338358459 0.5486886777224722 0.373534338358459 0.5486886777224722 0.41708542713567837 0.5039679704472865 0.41708542713567837
1 0.49880788883861116 0.423785594639866 0.5469686505195804 0.423785594639866 0.5469686505195804 0.46733668341708545 0.49880788883861116 0.46733668341708545
1 0.5005279160415029 0.48743718592964824 0.5469686505195804 0.48743718592964824 0.5469686505195804 0.5376884422110553 0.5005279160415029 0.5376884422110553
1 0.5572888137369311 0.489112227805695 0.6020095210121168 0.489112227805695 0.6020095210121168 0.5360134003350082 0.5572888137369311 0.5360134003350082
1 0.6123296842294674 0.48743718592964824 0.6553303643017615 0.48743718592964824 0.6553303643017615 0.5343383584589614 0.6123296842294674 0.5343383584589614
1 0.4282867735200489 0.48743718592964824 0.4816076168096935 0.48743718592964824 0.4816076168096935 0.5343383584589614 0.4282867735200489 0.5343383584589614
1 0.43344685512872416 0.542713567839196 0.485047671215477 0.542713567839196 0.485047671215477 0.5845896147403685 0.43344685512872416 0.5845896147403685
1 0.426566746317157 0.5912897822445561 0.4816076168096935 0.5912897822445561 0.4816076168096935 0.6415410385259631 0.426566746317157 0.6415410385259631
