0 0.5161298874206909 0.39028475711892796 0.5399899065471948 0.39028475711892796 0.5399899065471948 0.4271356783919598 0.5161298874206909 0.4271356783919598
1 0.5136183064600062 0.4304857621440536 0.5362225351061679 0.4304857621440536 0.5362225351061679 0.46733668341708545 0.5136183064600062 0.46733668341708545
1 0.5123625159796639 0.47403685092127307 0.5349667446258255 0.47403685092127307 0.5349667446258255 0.5041876046901175 0.5123625159796639 0.5041876046901175
1 0.5136183064600056 0.5192629815745394 0.5362225351061674 0.5192629815745394 0.5362225351061674 0.5460636515912897 0.5136183064600056 0.5460636515912897
1 0.5399899065471947 0.5209380234505863 0.5638499256736986 0.5209380234505863 0.5638499256736986 0.5477386934673366 0.5399899065471947 0.5477386934673366
1 0.5688730875950679 0.5209380234505864 0.5902215257608873 0.5209380234505864 0.5902215257608873 0.5510887772194306 0.5688730875950679 0.5510887772194306
1 0.47845617301042137 0.47068676716917923 0.501060401656583 0.47068676716917923 0.501060401656583 0.5025125628140704 0.47845617301042137 0.5025125628140704
1 0.44957299196254824 0.46733668341708545 0.4734330110890521 0.46733668341708545 0.4734330110890521 0.4991624790619766 0.44957299196254824 0.4991624790619766
1 0.4219456013950173 0.4639865996649916 0.4458056205215213 0.4639865996649916 0.4458056205215213 0.49748743718592964 0.4219456013950173 0.49748743718592964
1 0.47594459204973677 0.5142378559463987 0.5023161921369252 0.5142378559463987 0.5023161921369252 0.5477386934673368 0.47594459204973677 0.5477386934673368
1 0.47720038253007907 0.5544388609715243 0.4998046111762407 0.5544388609715243 0.4998046111762407 0.5845896147403685 0.47720038253007907 0.5845896147403685
1 0.4746888015693946 0.5896147403685092 0.49603723973521385 0.5896147403685092 0.49603723973521385 0.6231155778894473 0.4746888015693946 0.6231155778894473
