0 0.1953785078107129 0.32998324958123976 0.27254480921494395 0.32998324958123976 0.27254480921494395 0.41038525963149114 0.1953785078107129 0.41038525963149114
1 0.2889631712158443 0.32998324958123953 0.3710549812203455 0.32998324958123953 0.3710549812203455 0.41708542713567837 0.2889631712158443 0.41708542713567837
1 0.3874733432212457 0.3333333333333336 0.46628148082556686 0.3333333333333336 0.46628148082556686 0.413735343383585 0.3874733432212457 0.413735343383585
1 0.5056855496277275 0.32998324958123953 0.5861355234321387 0.32998324958123953 0.5861355234321387 0.4137353433835846 0.5056855496277275 0.4137353433835846
1 0.5056855496277275 0.22613065326633167 0.5894191958323187 0.22613065326633167 0.5894191958323187 0.3098827470686767 0.5056855496277275 0.3098827470686767
1 0.5056855496277276 0.1306532663316583 0.5910610320324088 0.1306532663316583 0.5910610320324088 0.21105527638190955 0.5056855496277276 0.21105527638190955
1 0.3907570156214257 0.4489112227805696 0.4794161704262869 0.4489112227805696 0.4794161704262869 0.5309882747068676 0.3907570156214257 0.5309882747068676
1 0.5089692220279074 0.4455611390284757 0.5910610320324086 0.4455611390284757 0.5910610320324086 0.5309882747068676 0.5089692220279074 0.5309882747068676
1 0.6107630664334891 0.4472361809045226 0.6928548764379903 0.4472361809045226 0.6928548764379903 0.5309882747068676 0.6107630664334891 0.5309882747068676
1 0.7109150746389808 0.4455611390284757 0.7864395398431219 0.4455611390284757 0.7864395398431219 0.5343383584589615 0.7109150746389808 0.5343383584589615
1 0.39239885182151574 0.5510887772194305 0.476132498026107 0.5510887772194305 0.476132498026107 0.6331658291457286 0.39239885182151574 0.6331658291457286
1 0.3907570156214258 0.6515912897822446 0.4794161704262871 0.6515912897822446 0.4794161704262871 0.7353433835845897 0.3907570156214258 0.7353433835845897
