0 0.3035262519494022 0.44221105527638194 0.35315947553861254 0.44221105527638194 0.35315947553861254 0.48743718592964824 0.3035262519494022 0.48743718592964824
1 0.36461329636689194 0.4371859296482412 0.4104285796800093 0.4371859296482412 0.4104285796800093 0.48743718592964824 0.36461329636689194 0.48743718592964824
1 0.4218824005082886 0.4438860971524288 0.4696066539594524 0.4438860971524288 0.4696066539594524 0.490787269681742 0.4218824005082886 0.490787269681742
1 0.41806446023219546 0.5041876046901173 0.47342459423554556 0.5041876046901173 0.47342459423554556 0.5527638190954774 0.41806446023219546 0.5527638190954774
1 0.41806446023219546 0.5561139028475712 0.47533356437359214 0.5561139028475712 0.47533356437359214 0.6030150753768844 0.41806446023219546 0.6030150753768844
1 0.4142465199561024 0.6063651591289784 0.4715156240974991 0.6063651591289784 0.4715156240974991 0.6582914572864323 0.4142465199561024 0.6582914572864323
1 0.4944232657540576 0.5058626465661642 0.5421475192052215 0.5058626465661642 0.5421475192052215 0.5527638190954773 0.4944232657540576 0.5527638190954773
1 0.5536013400335008 0.5075376884422109 0.6051435337607578 0.5075376884422109 0.6051435337607578 0.5561139028475711 0.5536013400335008 0.5561139028475711
1 0.6108704441748974 0.507537688442211 0.6624126379021544 0.507537688442211 0.6624126379021544 0.5544388609715243 0.6108704441748974 0.5544388609715243
1 0.492514295616011 0.44221105527638177 0.544056489343268 0.44221105527638177 0.544056489343268 0.4874371859296481 0.492514295616011 0.4874371859296481
1 0.492514295616011 0.3919597989949749 0.5459654594813145 0.3919597989949749 0.5459654594813145 0.4371859296482412 0.492514295616011 0.4371859296482412
1 0.4944232657540576 0.33668341708542715 0.5497833997574076 0.33668341708542715 0.5497833997574076 0.3852596314907873 0.4944232657540576 0.3852596314907873
