0 0.6191047068087605 0.5309882747068677 0.6756152784241645 0.5309882747068677 0.6756152784241645 0.6080402010050252 0.6191047068087605 0.6080402010050252
1 0.5462688589489063 0.5376884422110552 0.6015236400839681 0.5376884422110552 0.6015236400839681 0.6130653266331657 0.5462688589489063 0.6130653266331657
1 0.47343301108905217 0.5376884422110553 0.528687792224114 0.5376884422110553 0.528687792224114 0.6147403685092128 0.47343301108905217 0.6147403685092128
1 0.4658982682069983 0.41541038525963164 0.5224088398224024 0.41541038525963164 0.5224088398224024 0.4974874371859297 0.4658982682069983 0.4974874371859297
1 0.4633866872463137 0.31993299832495814 0.5198972588617178 0.31993299832495814 0.5198972588617178 0.3969849246231156 0.4633866872463137 0.3969849246231156
1 0.4633866872463137 0.21943048576214405 0.5173856779010332 0.21943048576214405 0.5173856779010332 0.2998324958123953 0.4633866872463137 0.2998324958123953
1 0.37799293458303646 0.4271356783919599 0.4345035061984406 0.4271356783919599 0.4345035061984406 0.5041876046901174 0.37799293458303646 0.5041876046901174
1 0.30390129624283996 0.4338358458961473 0.35915607737790173 0.4338358458961473 0.35915607737790173 0.5125628140703518 0.30390129624283996 0.5125628140703518
1 0.2260422864616164 0.43383584589614715 0.2850644390377051 0.43383584589614715 0.2850644390377051 0.5125628140703515 0.2260422864616164 0.5125628140703515
1 0.38552767746509015 0.5494137353433834 0.44203824908049416 0.5494137353433834 0.44203824908049416 0.6264656616415408 0.38552767746509015 0.6264656616415408
1 0.38803925842577486 0.6465661641541038 0.44454983004117904 0.6465661641541038 0.44454983004117904 0.7252931323283082 0.38803925842577486 0.7252931323283082
1 0.38803925842577486 0.747068676716918 0.4470614110018636 0.747068676716918 0.4470614110018636 0.8257956448911223 0.38803925842577486 0.8257956448911223
