0 0.6012616519919063 0.47236180904522607 0.654119819199986 0.47236180904522607 0.654119819199986 0.5276381909547738 0.6012616519919063 0.5276381909547738
1 0.5450998493333217 0.47236180904522607 0.5913507456403913 0.47236180904522607 0.5913507456403913 0.5293132328308205 0.5450998493333217 0.5293132328308205
1 0.4823307757737269 0.47236180904522607 0.5318853075313015 0.47236180904522607 0.5318853075313015 0.5326633165829145 0.4823307757737269 0.5326633165829145
1 0.4096507958626175 0.4807370184254607 0.4625089630706971 0.4807370184254607 0.4625089630706971 0.5360134003350083 0.4096507958626175 0.5360134003350083
1 0.41295443131312254 0.5443886097152428 0.4641607807959497 0.5443886097152428 0.4641607807959497 0.5946398659966499 0.41295443131312254 0.5946398659966499
1 0.4129544313131225 0.6030150753768845 0.46581259852120205 0.6030150753768845 0.46581259852120205 0.6532663316582916 0.4129544313131225 0.6532663316582916
1 0.2874162841939332 0.41038525963149075 0.3369708159515079 0.41038525963149075 0.3369708159515079 0.4639865996649916 0.2874162841939332 0.4639865996649916
1 0.34522990457777036 0.41038525963149086 0.39643625406059757 0.41038525963149086 0.39643625406059757 0.4639865996649916 0.34522990457777036 0.4639865996649916
1 0.4063471604121125 0.40871021775544386 0.4559016921696872 0.40871021775544386 0.4559016921696872 0.4623115577889447 0.4063471604121125 0.4623115577889447
1 0.47572350487271686 0.4070351758793969 0.5318853075313015 0.4070351758793969 0.5318853075313015 0.45728643216080417 0.47572350487271686 0.45728643216080417
1 0.47407168714746467 0.34673366834170866 0.5351889429818067 0.34673366834170866 0.5351889429818067 0.39698492462311563 0.47407168714746467 0.39698492462311563
1 0.46911623397170704 0.2830820770519263 0.5269298543555443 0.2830820770519263 0.5269298543555443 0.336683417085427 0.46911623397170704 0.336683417085427
