0 0.6629529617243989 0.5175879396984924 0.7139493433955065 0.5175879396984924 0.7139493433955065 0.57286432160804 0.6629529617243989 0.57286432160804
1 0.5275487759080097 0.32998324958123953 0.5838206453381977 0.32998324958123953 0.5838206453381977 0.38358458961474035 0.5275487759080097 0.38358458961474035
1 0.5275487759080099 0.39028475711892796 0.5838206453381978 0.39028475711892796 0.5838206453381978 0.44053601340033505 0.5275487759080099 0.44053601340033505
1 0.5310657677473966 0.4505862646566163 0.5890961330972777 0.4505862646566163 0.5890961330972777 0.5008375209380234 0.5310657677473966 0.5008375209380234
1 0.4624844268793552 0.4522613065326633 0.5117223126307695 0.4522613065326633 0.5117223126307695 0.5058626465661641 0.4624844268793552 0.5058626465661641
1 0.39917857377039406 0.45561139028475706 0.45193345136119506 0.45561139028475706 0.45193345136119506 0.507537688442211 0.39917857377039406 0.507537688442211
1 0.3376312165811262 0.4505862646566165 0.3886275982522338 0.4505862646566165 0.3886275982522338 0.5075376884422113 0.3376312165811262 0.5075376884422113
1 0.46424292279904855 0.5209380234505863 0.5205147922292362 0.5209380234505863 0.5205147922292362 0.576214405360134 0.46424292279904855 0.576214405360134
1 0.53809975142617 0.5159128978224455 0.5926131249366643 0.5159128978224455 0.5926131249366643 0.5728643216080402 0.53809975142617 0.5728643216080402
1 0.601405604535131 0.5125628140703516 0.6541604821259319 0.5125628140703516 0.6541604821259319 0.5711892797319933 0.601405604535131 0.5711892797319933
1 0.46600141871874207 0.5829145728643216 0.524031784068623 0.5829145728643216 0.524031784068623 0.6314907872696818 0.46600141871874207 0.6314907872696818
1 0.46775991463843525 0.6398659966499163 0.5240317840686229 0.6398659966499163 0.5240317840686229 0.6901172529313233 0.46775991463843525 0.6901172529313233
