2 0.4929140234849507 0.31659693165969316 0.5501717130816873 0.31659693165969316 0.5501717130816873 0.36262203626220363 0.4929140234849507 0.36262203626220363
2 0.4978929530151017 0.36959553695955377 0.5439480511689985 0.36959553695955377 0.5439480511689985 0.42538354253835425 0.4978929530151017 0.42538354253835425
2 0.3273646166074295 0.37377963737796366 0.37341971476132635 0.37377963737796366 0.37341971476132635 0.42956764295676425 0.3273646166074295 0.42956764295676425
2 0.3846223062041657 0.37238493723849364 0.4281879395929871 0.37238493723849364 0.4281879395929871 0.4309623430962342 0.3846223062041657 0.4309623430962342
2 0.43814579865328956 0.3737796373779637 0.47922196727703553 0.3737796373779637 0.47922196727703553 0.4281729428172943 0.43814579865328956 0.4281729428172943
2 0.435656333888214 0.4421199442119944 0.4829561644246487 0.4421199442119944 0.4829561644246487 0.495118549511855 0.435656333888214 0.495118549511855
2 0.5016271501627151 0.44351464435146437 0.5464375159340742 0.44351464435146437 0.5464375159340742 0.497907949790795 0.5016271501627151 0.497907949790795
2 0.5539059102293005 0.44211994421199435 0.5987162760006597 0.44211994421199435 0.5987162760006597 0.493723849372385 0.5539059102293005 0.493723849372385
2 0.6099188674434997 0.4407252440725243 0.6559739655973966 0.4407252440725243 0.6559739655973966 0.4937238493723848 0.6099188674434997 0.4937238493723848
2 0.43814579865328945 0.507670850767085 0.486690361572262 0.507670850767085 0.486690361572262 0.5536959553695951 0.43814579865328945 0.5536959553695951
2 0.43316686912313856 0.5634588563458857 0.4842008968071864 0.5634588563458857 0.4842008968071864 0.6178521617852162 0.43316686912313856 0.6178521617852162
0 0.4978116388393581 0.25125628140703515 0.5486392536157491 0.25125628140703515 0.5486392536157491 0.3065326633165828 0.4978116388393581 0.3065326633165828
