0 0.6506059710316288 0.5142378559463987 0.6964232929352646 0.5142378559463987 0.6964232929352646 0.5678391959798995 0.6506059710316288 0.5678391959798995
1 0.5971524288107205 0.5108877721943048 0.6429697507143564 0.5108877721943048 0.6429697507143564 0.5745393634840871 0.5971524288107205 0.5745393634840871
1 0.5421716425263573 0.5142378559463987 0.5895162084934475 0.5142378559463987 0.5895162084934475 0.5711892797319933 0.5421716425263573 0.5711892797319933
1 0.4810818799881761 0.5209380234505857 0.525371957828357 0.5209380234505857 0.525371957828357 0.5778894472361803 0.4810818799881761 0.5778894472361803
1 0.4810818799881761 0.5829145728643216 0.5268992018918119 0.5829145728643216 0.5268992018918119 0.6314907872696818 0.4810818799881761 0.6314907872696818
1 0.4810818799881761 0.6381909547738694 0.5284264459552666 0.6381909547738694 0.5284264459552666 0.6884422110552764 0.4810818799881761 0.6884422110552764
1 0.4734456596709036 0.45058626465661644 0.5207902256379938 0.45058626465661644 0.5207902256379938 0.5041876046901171 0.4734456596709036 0.5041876046901171
1 0.42151936151344943 0.4539363484087102 0.4703911715439944 0.4539363484087102 0.4703911715439944 0.507537688442211 0.42151936151344943 0.507537688442211
1 0.3680658192925412 0.44723618090452255 0.41235589713272247 0.44723618090452255 0.41235589713272247 0.5092127303182579 0.3680658192925412 0.5092127303182579
1 0.5375899103359937 0.4472361809045225 0.5864617203665383 0.4472361809045225 0.5864617203665383 0.4991624790619764 0.5375899103359937 0.4991624790619764
1 0.5345354222090847 0.3902847571189279 0.5834072322396296 0.3902847571189279 0.5834072322396296 0.43718592964824127 0.5345354222090847 0.43718592964824127
1 0.5299536900187207 0.33165829145728654 0.5803527441127202 0.33165829145728654 0.5803527441127202 0.3835845896147404 0.5299536900187207 0.3835845896147404
