0 0.34157501065310925 0.4003350083752093 0.4005971632291981 0.4003350083752093 0.4005971632291981 0.47403685092127307 0.34157501065310925 0.47403685092127307
1 0.41943402043433264 0.3969849246231156 0.4734330110890521 0.3969849246231156 0.4734330110890521 0.47738693467336685 0.41943402043433264 0.47738693467336685
1 0.4935256587745292 0.39865996649916247 0.5475246494292487 0.39865996649916247 0.5475246494292487 0.47738693467336685 0.4935256587745292 0.47738693467336685
1 0.5839425733591758 0.3953098827470686 0.6354299830532106 0.3953098827470686 0.6354299830532106 0.474036850921273 0.5839425733591758 0.474036850921273
1 0.5826867828788335 0.2964824120603015 0.6391973544942374 0.2964824120603015 0.6391973544942374 0.37688442211055284 0.5826867828788335 0.37688442211055284
1 0.5864541543198604 0.19597989949748743 0.6404531449745798 0.19597989949748743 0.6404531449745798 0.2730318257956449 0.5864541543198604 0.2730318257956449
1 0.5864541543198604 0.5175879396984925 0.6417089354549222 0.5175879396984925 0.6417089354549222 0.5946398659966499 0.5864541543198604 0.5946398659966499
1 0.6618015831403992 0.52428810720268 0.7195679452361456 0.52428810720268 0.7195679452361456 0.5963149078726968 0.6618015831403992 0.5963149078726968
1 0.7384048024412803 0.5226130653266331 0.7961711645370272 0.5226130653266331 0.7961711645370272 0.5996649916247905 0.7384048024412803 0.5996649916247905
1 0.4935256587745292 0.5226130653266332 0.5525478113506178 0.5226130653266332 0.5525478113506178 0.6013400335008375 0.4935256587745292 0.6013400335008375
1 0.4935256587745292 0.6180904522613065 0.5525478113506179 0.6180904522613065 0.5525478113506179 0.7018425460636516 0.4935256587745292 0.7018425460636516
1 0.4910140778138446 0.7185929648241206 0.5500362303899333 0.7185929648241206 0.5500362303899333 0.8023450586264658 0.4910140778138446 0.8023450586264658
