0 0.6844058117865606 0.8676716917922946 0.7685437739694955 0.8676716917922946 0.7685437739694955 0.9899497487437177 0.6844058117865606 0.9899497487437177
1 0.6178489163284182 0.765494137353434 0.6994752975506687 0.765494137353434 0.6994752975506687 0.8710217755443889 0.6178489163284182 0.8710217755443889
1 0.5538036018309602 0.6666666666666665 0.6354299830532106 0.6666666666666665 0.6354299830532106 0.765494137353434 0.5538036018309602 0.765494137353434
1 0.6391973544942374 0.559463986599665 0.725846897637857 0.559463986599665 0.725846897637857 0.6649916247906198 0.6391973544942374 0.6649916247906198
1 0.7220795261968302 0.4706867671691794 0.8037059074190805 0.4706867671691794 0.8037059074190805 0.5862646566164155 0.7220795261968302 0.5862646566164155
1 0.7986827454977111 0.38693467336683407 0.8790533362396191 0.38693467336683407 0.8790533362396191 0.500837520938023 0.7986827454977111 0.500837520938023
1 0.5613383447130142 0.4388609715242884 0.6417089354549225 0.4388609715242884 0.6417089354549225 0.5427135678391963 0.5613383447130142 0.5427135678391963
1 0.4935256587745292 0.3316582914572864 0.5789194114378066 0.3316582914572864 0.5789194114378066 0.4388609715242881 0.4935256587745292 0.4388609715242881
1 0.43324771571809806 0.22278056951423786 0.5161298874206904 0.22278056951423786 0.5161298874206904 0.3333333333333332 0.43324771571809806 0.3333333333333332
1 0.47720038253007907 0.5443886097152428 0.5538036018309602 0.5443886097152428 0.5538036018309602 0.6549413735343382 0.47720038253007907 0.6549413735343382
1 0.3955740013078287 0.6231155778894473 0.4809677539711061 0.6231155778894473 0.4809677539711061 0.7403685092127303 0.3955740013078287 0.7403685092127303
1 0.3152034105659207 0.7085427135678389 0.3993413727488558 0.7085427135678389 0.3993413727488558 0.8291457286432159 0.3152034105659207 0.8291457286432159
