2 0.45811719880856544 0.2733612273361227 0.5144001689479034 0.2733612273361227 0.5144001689479034 0.33333333333333326 0.45811719880856544 0.33333333333333326
2 0.4633528239378061 0.3458856345885634 0.5196357940771441 0.3458856345885634 0.5196357940771441 0.39191073919107383 0.4633528239378061 0.39191073919107383
2 0.3468601648121995 0.39609483960948394 0.3952896972576764 0.39609483960948394 0.3952896972576764 0.4532775453277546 0.3468601648121995 0.4532775453277546
2 0.4031431349515373 0.39888423988842425 0.4502637611147039 0.39888423988842425 0.4502637611147039 0.4532775453277548 0.4031431349515373 0.4532775453277548
2 0.46335282393780586 0.4030683403068335 0.5117823563832827 0.4030683403068335 0.5117823563832827 0.45048814504881374 0.46335282393780586 0.45048814504881374
2 0.39921641610460695 0.4741980474198047 0.45026376111470423 0.4741980474198047 0.45026376111470423 0.5188284518828451 0.39921641610460695 0.5188284518828451
2 0.4646617302201161 0.46861924686192474 0.5144001689479031 0.46861924686192474 0.5144001689479031 0.5230125523012553 0.4646617302201161 0.5230125523012553
2 0.5261803254886949 0.46861924686192463 0.569374232804931 0.46861924686192463 0.569374232804931 0.5271966527196653 0.5261803254886949 0.5271966527196653
2 0.5798454830634128 0.46722454672245467 0.6322017343558203 0.46722454672245467 0.6322017343558203 0.5174337517433751 0.5798454830634128 0.5174337517433751
2 0.39398079097536626 0.5313807531380753 0.4541904799616348 0.5313807531380753 0.4541904799616348 0.5801952580195258 0.39398079097536626 0.5801952580195258
2 0.40052532238691735 0.5913528591352863 0.4502637611147047 0.5913528591352863 0.4502637611147047 0.6373779637377969 0.40052532238691735 0.6373779637377969
2 1.1230415902221402 0.5704323570432357 1.2460831804442805 0.5704323570432357 1.2460831804442805 0.606694560669456 1.1230415902221402 0.606694560669456
2 1.1322039341983114 0.6304044630404463 1.264407868396623 0.6304044630404463 1.264407868396623 0.6415620641562064 1.1322039341983114 0.6415620641562064
0 0.2923925621799851 0.4003350083752093 0.33955265285417624 0.4003350083752093 0.33955265285417624 0.45393634840871017 0.2923925621799851 0.45393634840871017
