0 0.5286877922241139 0.2445561139028477 0.5864541543198603 0.2445561139028477 0.5864541543198603 0.3165829145728644 0.5286877922241139 0.3165829145728644
1 0.5362225351061679 0.32663316582914576 0.5889657352805451 0.32663316582914576 0.5889657352805451 0.3969849246231156 0.5362225351061679 0.3969849246231156
1 0.5437572779882217 0.4103852596314909 0.5939888972019144 0.4103852596314909 0.5939888972019144 0.4723618090452262 0.5437572779882217 0.4723618090452262
1 0.5538036018309602 0.49581239530988275 0.6040352210446528 0.49581239530988275 0.6040352210446528 0.5711892797319932 0.5538036018309602 0.5711892797319932
1 0.6140815448873913 0.490787269681742 0.6592900021797147 0.490787269681742 0.6592900021797147 0.5594639865996649 0.6140815448873913 0.5594639865996649
1 0.6693363260224531 0.490787269681742 0.7170563642754612 0.490787269681742 0.7170563642754612 0.5577889447236181 0.6693363260224531 0.5577889447236181
1 0.3528771249761901 0.4288107202680067 0.4031087441898827 0.4288107202680067 0.4031087441898827 0.4991624790619765 0.3528771249761901 0.4991624790619765
1 0.4131550680326208 0.42713567839195965 0.46338668724631327 0.42713567839195965 0.46338668724631327 0.49581239530988264 0.4131550680326208 0.49581239530988264
1 0.47343301108905195 0.4221105527638191 0.5249204207830869 0.4221105527638191 0.5249204207830869 0.48911222780569513 0.47343301108905195 0.48911222780569513
1 0.4834793349317907 0.5142378559463987 0.5337109541454831 0.5142378559463987 0.5337109541454831 0.5795644891122279 0.4834793349317907 0.5795644891122279
1 0.4897582873335024 0.5963149078726966 0.5425014875078796 0.5963149078726966 0.5425014875078796 0.6616415410385258 0.4897582873335024 0.6616415410385258
1 0.49226986829418684 0.6767169179229481 0.5487804399095909 0.6767169179229481 0.5487804399095909 0.7420435510887773 0.49226986829418684 0.7420435510887773
