0 0.6099922789034504 0.507537688442211 0.648674716102206 0.507537688442211 0.648674716102206 0.5544388609715243 0.6099922789034504 0.5544388609715243
1 0.5489930510131054 0.5058626465661642 0.5936266323962847 0.5058626465661642 0.5936266323962847 0.5611390284757117 0.5489930510131054 0.5611390284757117
1 0.49989611149160823 0.5008375209380235 0.5430419068286816 0.5008375209380235 0.5430419068286816 0.5577889447236181 0.49989611149160823 0.5577889447236181
1 0.4344335254629452 0.5025125628140703 0.4790671068461245 0.5025125628140703 0.4790671068461245 0.559463986599665 0.4344335254629452 0.559463986599665
1 0.4284823812785213 0.5711892797319933 0.48204267893833636 0.5711892797319933 0.48204267893833636 0.6180904522613067 0.4284823812785213 0.6180904522613067
1 0.4269945952324153 0.6281407035175882 0.4805548928922305 0.6281407035175882 0.4805548928922305 0.6834170854271359 0.4269945952324153 0.6834170854271359
1 0.324337358051103 0.4371859296482412 0.3719465115264941 0.4371859296482412 0.3719465115264941 0.490787269681742 0.324337358051103 0.490787269681742
1 0.38087322780313004 0.4338358458961473 0.4269945952324153 0.4338358458961473 0.4269945952324153 0.4891122278056949 0.38087322780313004 0.4891122278056949
1 0.4314579533707332 0.4338358458961473 0.4760915347539125 0.4338358458961473 0.4760915347539125 0.489112227805695 0.4314579533707332 0.489112227805695
1 0.4969205393993962 0.4304857621440536 0.5504808370592114 0.4304857621440536 0.5504808370592114 0.4840871021775545 0.4969205393993962 0.4840871021775545
1 0.4939449673071842 0.373534338358459 0.5430419068286816 0.373534338358459 0.5430419068286816 0.4221105527638191 0.4939449673071842 0.4221105527638191
1 0.4954327533532902 0.31825795644891125 0.5415541207825755 0.31825795644891125 0.5415541207825755 0.3668341708542713 0.4954327533532902 0.3668341708542713
