0 0.4583635253249444 0.38358458961474035 0.4809677539711061 0.38358458961474035 0.4809677539711061 0.4120603015075377 0.4583635253249444 0.4120603015075377
1 0.433247715718098 0.38023450586264673 0.4533403634035749 0.38023450586264673 0.4533403634035749 0.4103852596314909 0.433247715718098 0.4103852596314909
1 0.40310874418988246 0.3819095477386935 0.42822455379672875 0.3819095477386935 0.42822455379672875 0.4087102177554439 0.40310874418988246 0.4087102177554439
1 0.37171398218132473 0.38023450586264657 0.39306242034714406 0.38023450586264657 0.39306242034714406 0.40703517587939697 0.37171398218132473 0.40703517587939697
1 0.37045819170098243 0.407035175879397 0.3955740013078287 0.407035175879397 0.3955740013078287 0.4371859296482412 0.37045819170098243 0.4371859296482412
1 0.3679466107402975 0.44221105527638194 0.39557400130782844 0.44221105527638194 0.39557400130782844 0.4690117252931326 0.3679466107402975 0.4690117252931326
1 0.37045819170098243 0.34505862646566166 0.39431821082748636 0.34505862646566166 0.39431821082748636 0.37688442211055284 0.37045819170098243 0.37688442211055284
1 0.34408659161379396 0.340033500837521 0.36543502977961334 0.340033500837521 0.36543502977961334 0.37185929648241206 0.34408659161379396 0.37185929648241206
1 0.31520341056592066 0.340033500837521 0.33780763921208234 0.340033500837521 0.33780763921208234 0.36683417085427134 0.31520341056592066 0.36683417085427134
1 0.4005971632291979 0.34673366834170855 0.4269687633163865 0.34673366834170855 0.4269687633163865 0.37353433835845895 0.4005971632291979 0.37353433835845895
1 0.4031087441898827 0.31993299832495814 0.4269687633163866 0.31993299832495814 0.4269687633163866 0.34673366834170855 0.4031087441898827 0.34673366834170855
1 0.4031087441898827 0.2914572864321608 0.42571297283604426 0.2914572864321608 0.42571297283604426 0.31993299832495814 0.4031087441898827 0.31993299832495814
