0 0.528687792224114 0.288107202680067 0.5814309923984912 0.288107202680067 0.5814309923984912 0.35510887772194305 0.528687792224114 0.35510887772194305
1 0.5299435827044569 0.3668341708542714 0.5764078304771225 0.3668341708542714 0.5764078304771225 0.43048576214405393 0.5299435827044569 0.43048576214405393
1 0.5261762112634293 0.44388609715242855 0.5713846685557527 0.44388609715242855 0.5713846685557527 0.5092127303182575 0.5261762112634293 0.5092127303182575
1 0.45961931580528664 0.44053601340033505 0.5035719826172678 0.44053601340033505 0.5035719826172678 0.5058626465661642 0.45961931580528664 0.5058626465661642
1 0.4005971632291981 0.4338358458961473 0.448317201482206 0.4338358458961473 0.448317201482206 0.5075376884422111 0.4005971632291981 0.5075376884422111
1 0.34157501065310925 0.4271356783919598 0.39055083938645946 0.4271356783919598 0.39055083938645946 0.5008375209380235 0.34157501065310925 0.5008375209380235
1 0.45585194436425985 0.5360134003350083 0.5035719826172679 0.5360134003350083 0.5035719826172679 0.5996649916247904 0.45585194436425985 0.5996649916247904
1 0.5236646303027447 0.5376884422110553 0.5738962495164373 0.5376884422110553 0.5738962495164373 0.6013400335008375 0.5236646303027447 0.6013400335008375
1 0.5839425733591758 0.5376884422110553 0.6266394496908143 0.5376884422110553 0.6266394496908143 0.6046901172529313 0.5839425733591758 0.6046901172529313
1 0.6379415640138952 0.542713567839196 0.6831500213062186 0.542713567839196 0.6831500213062186 0.6046901172529313 0.6379415640138952 0.6046901172529313
1 0.4533403634035753 0.6097152428810719 0.5010604016565832 0.6097152428810719 0.5010604016565832 0.6733668341708542 0.4533403634035753 0.6733668341708542
1 0.448317201482206 0.6867671691792296 0.4985488206958985 0.6867671691792296 0.4985488206958985 0.7520938023450586 0.448317201482206 0.7520938023450586
