0 0.6193704370911159 0.4824120603015076 0.6670143168673558 0.4824120603015076 0.6670143168673558 0.5376884422110553 0.6193704370911159 0.5376884422110553
1 0.568550298663127 0.4807370184254606 0.6114297904617427 0.4807370184254606 0.6114297904617427 0.5393634840871021 0.568550298663127 0.5393634840871021
1 0.5113776429316393 0.48576214405360135 0.5558452640561298 0.48576214405360135 0.5558452640561298 0.5360134003350083 0.5113776429316393 0.5360134003350083
1 0.44467621124490386 0.48743718592964824 0.49232009102114355 0.48743718592964824 0.49232009102114355 0.5376884422110553 0.44467621124490386 0.5376884422110553
1 0.44467621124490375 0.5477386934673367 0.4923200910211435 0.5477386934673367 0.4923200910211435 0.5946398659966499 0.44467621124490375 0.5946398659966499
1 0.4430880819190291 0.6046901172529313 0.4939082203470181 0.6046901172529313 0.4939082203470181 0.6515912897822446 0.4430880819190291 0.6515912897822446
1 0.33668341708542715 0.42211055276381915 0.38115103820991764 0.42211055276381915 0.38115103820991764 0.47403685092127307 0.33668341708542715 0.47403685092127307
1 0.39226794349104005 0.42043551088777215 0.4351474352896557 0.42043551088777215 0.4351474352896557 0.4757118927973199 0.39226794349104005 0.4757118927973199
1 0.4446762112449037 0.4204355108877721 0.489143832369394 0.4204355108877721 0.489143832369394 0.47068676716917907 0.4446762112449037 0.47068676716917907
1 0.5066132549540155 0.41708542713567837 0.5558452640561299 0.41708542713567837 0.5558452640561299 0.4673366834170856 0.5066132549540155 0.4673366834170856
1 0.5018488669763912 0.3601340033500838 0.5558452640561297 0.3601340033500838 0.5558452640561297 0.4103852596314908 0.5018488669763912 0.4103852596314908
1 0.5050251256281407 0.3015075376884422 0.5542571347302551 0.3015075376884422 0.5542571347302551 0.35175879396984927 0.5050251256281407 0.35175879396984927
