0 0.6191047068087605 0.5293132328308208 0.6743594879438224 0.5293132328308208 0.6743594879438224 0.6046901172529312 0.6191047068087605 0.6046901172529312
1 0.5462688589489062 0.5343383584589615 0.601523640083968 0.5343383584589615 0.601523640083968 0.6130653266331658 0.5462688589489062 0.6130653266331658
1 0.47343301108905217 0.5360134003350083 0.5261762112634294 0.5360134003350083 0.5261762112634294 0.6130653266331657 0.47343301108905217 0.6130653266331657
1 0.46589826820699853 0.4187604690117252 0.519897258861718 0.4187604690117252 0.519897258861718 0.49413735343383586 0.46589826820699853 0.49413735343383586
1 0.46087510628562905 0.3165829145728643 0.5186414683813755 0.3165829145728643 0.5186414683813755 0.3936348408710218 0.46087510628562905 0.3936348408710218
1 0.46087510628562905 0.21943048576214397 0.5148740969403487 0.21943048576214397 0.5148740969403487 0.2998324958123952 0.46087510628562905 0.2998324958123952
1 0.37422556314200944 0.4271356783919598 0.4332477157180981 0.4271356783919598 0.4332477157180981 0.5025125628140703 0.37422556314200944 0.5025125628140703
1 0.3013897152821552 0.4271356783919598 0.3579002868975593 0.4271356783919598 0.3579002868975593 0.507537688442211 0.3013897152821552 0.507537688442211
1 0.22478649598127412 0.4304857621440536 0.2825528580770205 0.4304857621440536 0.2825528580770205 0.5125628140703518 0.22478649598127412 0.5125628140703518
1 0.3830160965044056 0.5494137353433836 0.4395266681198098 0.5494137353433836 0.4395266681198098 0.6247906197654941 0.3830160965044056 0.6247906197654941
1 0.3867834679454326 0.6415410385259628 0.4458056205215214 0.6415410385259628 0.4458056205215214 0.7252931323283078 0.3867834679454326 0.7252931323283078
1 0.38929504890611716 0.7437185929648241 0.44580562052152134 0.7437185929648241 0.44580562052152134 0.8224455611390284 0.38929504890611716 0.8224455611390284
