0 0.6168777773163335 0.5092127303182576 0.6676024751858463 0.5092127303182576 0.6676024751858463 0.5644891122278054 0.6168777773163335 0.5644891122278054
1 0.5579716765646416 0.5108877721943046 0.6070600938577183 0.5108877721943046 0.6070600938577183 0.5661641541038527 0.5579716765646416 0.5661641541038527
1 0.5039744175422568 0.5125628140703512 0.5530628348353338 0.5125628140703512 0.5530628348353338 0.5661641541038517 0.5039744175422568 0.5661641541038517
1 0.43361435275551297 0.5209380234505864 0.48433905062502575 0.5209380234505864 0.48433905062502575 0.5678391959798996 0.43361435275551297 0.5678391959798996
1 0.43361435275551297 0.5795644891122278 0.48761161177789747 0.5795644891122278 0.48761161177789747 0.6281407035175881 0.43361435275551297 0.6281407035175881
1 0.4319780721790771 0.6365159128978225 0.4892478923543335 0.6365159128978225 0.4892478923543335 0.6850921273031825 0.4319780721790771 0.6850921273031825
1 0.3141658706756925 0.4539363484087102 0.36325428796876946 0.4539363484087102 0.36325428796876946 0.5058626465661642 0.3141658706756925 0.5058626465661642
1 0.3747082520038207 0.4505862646566164 0.41888782756758997 0.4505862646566164 0.41888782756758997 0.5008375209380234 0.3747082520038207 0.5008375209380234
1 0.42870551102620535 0.4438860971524289 0.47943020889571825 0.4438860971524289 0.47943020889571825 0.5008375209380235 0.42870551102620535 0.5008375209380235
1 0.4941567340836413 0.4438860971524289 0.5497902736824618 0.4438860971524289 0.5497902736824618 0.49413735343383586 0.4941567340836413 0.49413735343383586
1 0.4908841729307695 0.3852596314907873 0.5432451513767182 0.3852596314907873 0.5432451513767182 0.43383584589614715 0.4908841729307695 0.43383584589614715
1 0.4908841729307695 0.32663316582914576 0.5416088708002824 0.32663316582914576 0.5416088708002824 0.37855946398659973 0.4908841729307695 0.37855946398659973
