0 0.668044418076832 0.40368509212730325 0.7596491710572673 0.40368509212730325 0.7596491710572673 0.4706867671691793 0.668044418076832 0.4706867671691793
1 0.5429257310791644 0.4036850921273033 0.6367647463274149 0.4036850921273033 0.6367647463274149 0.4740368509212732 0.5429257310791644 0.4740368509212732
1 0.42227556861712784 0.41038525963149086 0.513880321597563 0.41038525963149086 0.513880321597563 0.4773869346733669 0.42227556861712784 0.4773869346733669
1 0.2792827834769364 0.4137353433835846 0.37088753645737155 0.4137353433835846 0.37088753645737155 0.4807370184254606 0.2792827834769364 0.4807370184254606
1 0.281517045744752 0.5041876046901173 0.3731217987251871 0.5041876046901173 0.3731217987251871 0.5695142378559466 0.281517045744752 0.5695142378559466
1 0.2725799966734899 0.5912897822445561 0.36865327418955607 0.5912897822445561 0.36865327418955607 0.663316582914573 0.2725799966734899 0.663316582914573
1 0.4178070440814969 0.3015075376884422 0.5071775347941165 0.3015075376884422 0.5071775347941165 0.37018425460636517 0.4178070440814969 0.37018425460636517
1 0.4155727818136814 0.21273031825795644 0.5071775347941165 0.21273031825795644 0.5071775347941165 0.2864321608040201 0.4155727818136814 0.2864321608040201
1 0.41333851954586587 0.1273031825795645 0.5071775347941166 0.1273031825795645 0.5071775347941166 0.19765494137353432 0.41333851954586587 0.19765494137353432
1 0.2703457344056745 0.30318257956448913 0.3641847496539251 0.30318257956448913 0.3641847496539251 0.373534338358459 0.2703457344056745 0.373534338358459
1 0.1541640964792689 0.3015075376884422 0.24353458719188853 0.3015075376884422 0.24353458719188853 0.373534338358459 0.1541640964792689 0.373534338358459
1 0.026811147213785885 0.3031825795644891 0.12065016246203655 0.3031825795644891 0.12065016246203655 0.3752093802345058 0.026811147213785885 0.3752093802345058
