2 0.4922008025943134 0.2622036262203626 0.5421704272231777 0.2622036262203626 0.5421704272231777 0.3179916317991631 0.4922008025943134 0.3179916317991631
2 0.4946992838257564 0.3347280334728033 0.5484166303017856 0.3347280334728033 0.5484166303017856 0.3849372384937238 0.4946992838257564 0.3849372384937238
2 0.38601535025797673 0.38912133891213396 0.4284895311925114 0.38912133891213396 0.4284895311925114 0.44909344490934455 0.38601535025797673 0.44909344490934455
2 0.4347357342711195 0.38633193863319365 0.48220687766854053 0.38633193863319365 0.48220687766854053 0.4463040446304043 0.4347357342711195 0.4463040446304043
2 0.49345004321003494 0.39330543933054396 0.5509151115332289 0.39330543933054396 0.5509151115332289 0.4435146443514645 0.49345004321003494 0.4435146443514645
2 0.429738771808233 0.4672245467224546 0.48220687766854053 0.4672245467224546 0.48220687766854053 0.5146443514644351 0.429738771808233 0.5146443514644351
2 0.49345004321003494 0.4616457461645746 0.5446689084546208 0.4616457461645746 0.5446689084546208 0.5160390516039052 0.49345004321003494 0.5160390516039052
2 0.557161314611837 0.4602510460251046 0.5983862549306499 0.4602510460251046 0.5983862549306499 0.5188284518828451 0.557161314611837 0.5188284518828451
2 0.608380179856423 0.4560669456066943 0.6608482857167306 0.4560669456066943 0.6608482857167306 0.5104602510460249 0.608380179856423 0.5104602510460249
2 1.0556083202847584 0.4839609483960948 1.1112166405695167 0.4839609483960948 1.1112166405695167 0.4993026499302651 1.0556083202847584 0.4993026499302651
2 0.42474180934534644 0.5244072524407253 0.4834561182842621 0.5244072524407253 0.4834561182842621 0.5774058577405857 0.42474180934534644 0.5774058577405857
2 0.4259910499610682 0.5843793584379358 0.4834561182842621 0.5843793584379358 0.4834561182842621 0.6331938633193863 0.4259910499610682 0.6331938633193863
2 1.1880278255512489 0.47838214783821476 1.376055651102498 0.47838214783821476 1.376055651102498 0.5258019525801951 1.1880278255512489 0.5258019525801951
0 0.32857539229891797 0.39195979899497485 0.3735857200110984 0.39195979899497485 0.3735857200110984 0.4472361809045225 0.32857539229891797 0.4472361809045225
