0 0.7025907112415601 0.5125628140703519 0.7987163060631667 0.5125628140703519 0.7987163060631667 0.6046901172529313 0.7025907112415601 0.6046901172529313
1 0.5907354736309638 0.5058626465661642 0.6816178541895737 0.5058626465661642 0.6816178541895737 0.5946398659966499 0.5907354736309638 0.5946398659966499
1 0.4788802360203671 0.5008375209380235 0.5732580927543081 0.5008375209380235 0.5732580927543081 0.5879396984924623 0.4788802360203671 0.5879396984924623
1 0.34430440327011796 0.5008375209380235 0.4386822600040589 0.5008375209380235 0.4386822600040589 0.591289782244556 0.34430440327011796 0.591289782244556
1 0.33731345091945564 0.6063651591289783 0.4351867838287278 0.6063651591289783 0.4351867838287278 0.6968174204355108 0.33731345091945564 0.6968174204355108
1 0.3355657128317901 0.7135678391959799 0.42994356956573104 0.7135678391959799 0.42994356956573104 0.8073701842546064 0.3355657128317901 0.8073701842546064
1 0.11709845187359341 0.35678391959798994 0.2149717847828655 0.35678391959798994 0.2149717847828655 0.4539363484087103 0.11709845187359341 0.4539363484087103
1 0.23419690374718682 0.3601340033500837 0.32857476048112777 0.3601340033500837 0.32857476048112777 0.4572864321608039 0.23419690374718682 0.4572864321608039
1 0.34605214135778356 0.37185929648241206 0.4351867838287278 0.37185929648241206 0.4351867838287278 0.4606365159128978 0.34605214135778356 0.4606365159128978
1 0.4823757121956983 0.37185929648241206 0.5732580927543081 0.37185929648241206 0.5732580927543081 0.4623115577889447 0.4823757121956983 0.4623115577889447
1 0.4823757121956983 0.26800670016750416 0.581996783192636 0.26800670016750416 0.581996783192636 0.35678391959798994 0.4823757121956983 0.35678391959798994
1 0.4858711883710294 0.15912897822445563 0.5854922593679671 0.15912897822445563 0.5854922593679671 0.24790619765494137 0.4858711883710294 0.24790619765494137
