0 0.11618163792640555 0.4673366834170857 0.21225491544247158 0.4673366834170857 0.21225491544247158 0.5393634840871028 0.11618163792640555 0.5393634840871028
1 0.22789475131718018 0.4623115577889447 0.31726524202979983 0.4623115577889447 0.31726524202979983 0.5276381909547738 0.22789475131718018 0.5276381909547738
1 0.3351393401723237 0.4539363484087102 0.42674409315275896 0.4539363484087102 0.42674409315275896 0.52428810720268 0.3351393401723237 0.52428810720268
1 0.44908671583091375 0.288107202680067 0.5406914688113489 0.288107202680067 0.5406914688113489 0.355108877721943 0.44908671583091375 0.355108877721943
1 0.4513209780987293 0.36515912897822445 0.5496285178826109 0.36515912897822445 0.5496285178826109 0.4338358458961473 0.4513209780987293 0.4338358458961473
1 0.45355524036654477 0.4489112227805695 0.5540970424182419 0.4489112227805695 0.5540970424182419 0.5108877721943048 0.45355524036654477 0.5108877721943048
1 0.3507791760470322 0.5544388609715242 0.44238392902746715 0.5544388609715242 0.44238392902746715 0.6164154103852595 0.3507791760470322 0.6164154103852595
1 0.3597162251182941 0.6331658291457286 0.4535552403665449 0.6331658291457286 0.4535552403665449 0.7018425460636515 0.3597162251182941 0.7018425460636515
1 0.3641847496539251 0.7152428810720268 0.46249228943780674 0.7152428810720268 0.46249228943780674 0.7805695142378559 0.3641847496539251 0.7805695142378559
1 0.4803663875803306 0.5393634840871022 0.5742054028285812 0.5393634840871022 0.5742054028285812 0.609715242881072 0.4803663875803306 0.609715242881072
1 0.5920795009711052 0.5326633165829145 0.6814499916837249 0.5326633165829145 0.6814499916837249 0.6063651591289783 0.5920795009711052 0.6063651591289783
1 0.6970898275584332 0.5293132328308208 0.7886945805388684 0.5293132328308208 0.7886945805388684 0.5979899497487438 0.6970898275584332 0.5979899497487438
