0 0.5023161921369254 0.288107202680067 0.5311993731847986 0.288107202680067 0.5311993731847986 0.3316582914572864 0.5023161921369254 0.3316582914572864
1 0.49729303021555615 0.33835845896147404 0.5261762112634294 0.33835845896147404 0.5261762112634294 0.37688442211055284 0.49729303021555615 0.37688442211055284
1 0.49729303021555615 0.38358458961474035 0.5211530493420601 0.38358458961474035 0.5211530493420601 0.423785594639866 0.49729303021555615 0.423785594639866
1 0.4558519443642598 0.3785594639865997 0.48347933493179074 0.3785594639865997 0.48347933493179074 0.4170854271356783 0.4558519443642598 0.4170854271356783
1 0.420689810914675 0.37185929648241206 0.45082878244289054 0.37185929648241206 0.45082878244289054 0.41373534338358464 0.420689810914675 0.41373534338358464
1 0.38803925842577497 0.3685092127303183 0.41566664899330585 0.3685092127303183 0.41566664899330585 0.4036850921273032 0.38803925842577497 0.4036850921273032
1 0.44957299196254824 0.4304857621440536 0.4797119634907638 0.4304857621440536 0.4797119634907638 0.46901172529313234 0.44957299196254824 0.46901172529313234
1 0.4495729919625483 0.4757118927973199 0.47594459204973694 0.4757118927973199 0.47594459204973694 0.5142378559463986 0.4495729919625483 0.5142378559463986
1 0.4432940395608367 0.5209380234505863 0.47092143012836757 0.5209380234505863 0.47092143012836757 0.5577889447236182 0.4432940395608367 0.5577889447236182
1 0.4935256587745292 0.4338358458961473 0.5211530493420601 0.4338358458961473 0.5211530493420601 0.47571189279731996 0.4935256587745292 0.47571189279731996
1 0.5236646303027447 0.44053601340033505 0.5538036018309602 0.44053601340033505 0.5538036018309602 0.4807370184254607 0.5236646303027447 0.4807370184254607
1 0.5575709732719873 0.4422110552763819 0.5851983638395183 0.4422110552763819 0.5851983638395183 0.48576214405360124 0.5575709732719873 0.48576214405360124
