2 0.49513205283270756 0.34867503486750356 0.5415506827857739 0.34867503486750356 0.5415506827857739 0.3905160390516039 0.49513205283270756 0.3905160390516039
2 0.4987027166752509 0.403068340306834 0.5403604615049258 0.403068340306834 0.5403604615049258 0.44909344490934444 0.4987027166752509 0.44909344490934444
2 0.4415720951945539 0.40167364016736395 0.48442006130507664 0.40167364016736395 0.48442006130507664 0.4546722454672245 0.4415720951945539 0.4546722454672245
2 0.3951534652414876 0.40446304044630405 0.43562098879031497 0.40446304044630405 0.43562098879031497 0.4560669456066945 0.3951534652414876 0.4560669456066945
2 0.3463543927267256 0.403068340306834 0.3903925801180962 0.403068340306834 0.3903925801180962 0.4560669456066946 0.3463543927267256 0.4560669456066946
2 1.274726991788052 0.35564853556485354 1.5494539835761036 0.35564853556485354 1.5494539835761036 0.4030683403068341 1.274726991788052 0.4030683403068341
2 0.44514275903709755 0.47001394700139465 0.4856102825859245 0.47001394700139465 0.4856102825859245 0.5160390516039052 0.44514275903709755 0.5160390516039052
2 0.5034636017986424 0.46722454672245467 0.5415506827857737 0.46722454672245467 0.5415506827857737 0.5174337517433751 0.5034636017986424 0.5174337517433751
2 0.5534528955942521 0.46443514644351475 0.5903497553005356 0.46443514644351475 0.5903497553005356 0.5174337517433752 0.5534528955942521 0.5174337517433752
2 0.5974910829856229 0.46443514644351475 0.6415292703769935 0.46443514644351475 0.6415292703769935 0.514644351464435 0.5974910829856229 0.514644351464435
2 0.4439525377562496 0.5271966527196653 0.48918094642846804 0.5271966527196653 0.48918094642846804 0.5732217573221756 0.4439525377562496 0.5732217573221756
2 0.44395253775624954 0.585774058577406 0.4879907251476202 0.585774058577406 0.4879907251476202 0.6276150627615065 0.44395253775624954 0.6276150627615065
2 1.247351902328551 0.500697350069735 1.4947038046571022 0.500697350069735 1.4947038046571022 0.581589958158996 1.247351902328551 0.581589958158996
0 0.5017410704977164 0.2864321608040201 0.5403365374590793 0.2864321608040201 0.5403365374590793 0.34170854271356765 0.5017410704977164 0.34170854271356765
