0 0.6467934183110677 0.5711892797319933 0.6886183968623605 0.5711892797319933 0.6886183968623605 0.6314907872696819 0.6467934183110677 0.6314907872696819
1 0.5945121951219513 0.5711892797319932 0.6363371736732445 0.5711892797319932 0.6363371736732445 0.624790619765494 0.5945121951219513 0.624790619765494
1 0.5377497242309107 0.5678391959798995 0.584055950484128 0.5678391959798995 0.584055950484128 0.6231155778894473 0.5377497242309107 0.6231155778894473
1 0.4750122564039711 0.5661641541038526 0.5228122318911632 0.5661641541038526 0.5228122318911632 0.6197654941373534 0.4750122564039711 0.6197654941373534
1 0.47202475793602156 0.628140703517588 0.5213184826571884 0.628140703517588 0.5213184826571884 0.6800670016750419 0.47202475793602156 0.6800670016750419
1 0.4690372594680721 0.6867671691792296 0.5153434857212894 0.6867671691792296 0.5153434857212894 0.7386934673366834 0.4690372594680721 0.7386934673366834
1 0.3704498100257385 0.48576214405360135 0.4167560362789559 0.48576214405360135 0.4167560362789559 0.5443886097152428 0.3704498100257385 0.5443886097152428
1 0.4242247824488296 0.4941373534338359 0.4675435102340974 0.4941373534338359 0.4675435102340974 0.5510887772194306 0.4242247824488296 0.5510887772194306
1 0.4779997548719204 0.49581239530988264 0.5198247334232136 0.49581239530988264 0.5198247334232136 0.5477386934673366 0.4779997548719204 0.5477386934673366
1 0.5362559749969359 0.49581239530988264 0.5855496997181029 0.49581239530988264 0.5855496997181029 0.5477386934673366 0.5362559749969359 0.5477386934673366
1 0.5437247211668097 0.4371859296482412 0.5915246966540018 0.4371859296482412 0.5915246966540018 0.49246231155778897 0.5437247211668097 0.49246231155778897
1 0.5467122196347592 0.373534338358459 0.5915246966540018 0.373534338358459 0.5915246966540018 0.43216080402010054 0.5467122196347592 0.43216080402010054
