0 0.49729303021555615 0.3969849246231156 0.5186414683813755 0.3969849246231156 0.5186414683813755 0.4204355108877722 0.49729303021555615 0.4204355108877722
1 0.49729303021555615 0.423785594639866 0.5186414683813755 0.423785594639866 0.5186414683813755 0.4388609715242881 0.49729303021555615 0.4388609715242881
1 0.5023161921369254 0.44388609715242894 0.5173856779010332 0.44388609715242894 0.5173856779010332 0.4639865996649917 0.5023161921369254 0.4639865996649917
1 0.5023161921369254 0.46733668341708545 0.5198972588617178 0.46733668341708545 0.5198972588617178 0.48911222780569513 0.5023161921369254 0.48911222780569513
1 0.5224088398224024 0.4639865996649916 0.5387341160668525 0.4639865996649916 0.5387341160668525 0.48911222780569513 0.5224088398224024 0.48911222780569513
1 0.5425014875078794 0.4623115577889447 0.5588267637523296 0.4623115577889447 0.5588267637523296 0.489112227805695 0.5425014875078794 0.489112227805695
1 0.4759445920497367 0.44221105527638205 0.49603723973521374 0.44221105527638205 0.49603723973521374 0.46733668341708545 0.4759445920497367 0.46733668341708545
1 0.4583635253249444 0.44053601340033505 0.4759445920497369 0.44053601340033505 0.4759445920497369 0.46733668341708545 0.4583635253249444 0.46733668341708545
1 0.4382708776394675 0.44388609715242894 0.4558519443642598 0.44388609715242894 0.4558519443642598 0.46901172529313245 0.4382708776394675 0.46901172529313245
1 0.48096775397110597 0.46901172529313234 0.4972930302155561 0.46901172529313234 0.4972930302155561 0.49413735343383586 0.48096775397110597 0.49413735343383586
1 0.4797119634907638 0.49413735343383586 0.49854882069589845 0.49413735343383586 0.49854882069589845 0.5142378559463986 0.4797119634907638 0.5142378559463986
1 0.48096775397110597 0.5159128978224455 0.49854882069589845 0.5159128978224455 0.49854882069589845 0.5376884422110553 0.48096775397110597 0.5376884422110553
