0 0.4533403634035752 0.37520938023450584 0.49854882069589845 0.37520938023450584 0.49854882069589845 0.4338358458961473 0.4533403634035752 0.4338358458961473
1 0.508595144538637 0.37018425460636517 0.5525478113506179 0.37018425460636517 0.5525478113506179 0.4271356783919598 0.508595144538637 0.4271356783919598
1 0.5713846685557527 0.37018425460636517 0.6128257544070491 0.37018425460636517 0.6128257544070491 0.4204355108877722 0.5713846685557527 0.4204355108877722
1 0.636685773533553 0.22110552763819097 0.6831500213062186 0.22110552763819097 0.6831500213062186 0.2730318257956449 0.636685773533553 0.2730318257956449
1 0.6379415640138952 0.2864321608040201 0.6818942308258762 0.2864321608040201 0.6818942308258762 0.34673366834170855 0.6379415640138952 0.34673366834170855
1 0.6404531449745798 0.3534338358458962 0.6831500213062183 0.3534338358458962 0.6831500213062183 0.4103852596314909 0.6404531449745798 0.4103852596314909
1 0.6442205164156068 0.4355108877721943 0.6881731832275878 0.4355108877721943 0.6881731832275878 0.49581239530988275 0.6442205164156068 0.49581239530988275
1 0.7032426689916956 0.4304857621440536 0.7509627072447035 0.4304857621440536 0.7509627072447035 0.490787269681742 0.7032426689916956 0.490787269681742
1 0.7660321930088112 0.4254606365159128 0.8124964407814768 0.4254606365159128 0.8124964407814768 0.4824120603015074 0.7660321930088112 0.4824120603015074
1 0.5713846685557527 0.45058626465661644 0.6191047068087605 0.45058626465661644 0.6191047068087605 0.509212730318258 0.5713846685557527 0.509212730318258
1 0.5713846685557529 0.5192629815745391 0.6191047068087608 0.5192629815745391 0.6191047068087608 0.5812395309882746 0.5713846685557529 0.5812395309882746
1 0.5713846685557527 0.5946398659966499 0.6216162877694452 0.5946398659966499 0.6216162877694452 0.6532663316582915 0.5713846685557527 0.6532663316582915
