0 0.5387341160668525 0.576214405360134 0.5588267637523294 0.576214405360134 0.5588267637523294 0.6080402010050251 0.5387341160668525 0.6080402010050251
1 0.5236646303027447 0.5577889447236181 0.5437572779882217 0.5577889447236181 0.5437572779882217 0.5795644891122278 0.5236646303027447 0.5795644891122278
1 0.508595144538637 0.5326633165829145 0.5299435827044564 0.5326633165829145 0.5299435827044564 0.5644891122278057 0.508595144538637 0.5644891122278057
1 0.5299435827044564 0.5108877721943048 0.5475246494292487 0.5108877721943048 0.5475246494292487 0.541038525963149 0.5299435827044564 0.541038525963149
1 0.5437572779882216 0.4941373534338357 0.5638499256736985 0.4941373534338357 0.5638499256736985 0.520938023450586 0.5437572779882216 0.520938023450586
1 0.5625941351933565 0.47571189279731996 0.5814309923984913 0.47571189279731996 0.5814309923984913 0.5008375209380234 0.5625941351933565 0.5008375209380234
1 0.5123625159796639 0.489112227805695 0.5299435827044564 0.489112227805695 0.5299435827044564 0.5142378559463984 0.5123625159796639 0.5142378559463984
1 0.49980461117624064 0.4639865996649916 0.5161298874206908 0.4639865996649916 0.5161298874206908 0.48911222780569513 0.49980461117624064 0.48911222780569513
1 0.4834793349317907 0.44221105527638194 0.5010604016565829 0.44221105527638194 0.5010604016565829 0.46733668341708545 0.4834793349317907 0.46733668341708545
1 0.4947814492548715 0.509212730318258 0.5111067254993216 0.509212730318258 0.5111067254993216 0.5393634840871022 0.4947814492548715 0.5393634840871022
1 0.47845617301042137 0.52428810720268 0.49854882069589845 0.52428810720268 0.49854882069589845 0.5544388609715243 0.47845617301042137 0.5544388609715243
1 0.4583635253249445 0.5460636515912898 0.48222354445144844 0.5460636515912898 0.48222354445144844 0.5812395309882747 0.4583635253249445 0.5812395309882747
