0 0.5311993731847986 0.2830820770519263 0.5789194114378066 0.2830820770519263 0.5789194114378066 0.3567839195979899 0.5311993731847986 0.3567839195979899
1 0.5261762112634294 0.36515912897822445 0.5751520399967796 0.36515912897822445 0.5751520399967796 0.4338358458961473 0.5261762112634294 0.4338358458961473
1 0.5211530493420601 0.44221105527638194 0.5713846685557527 0.44221105527638194 0.5713846685557527 0.509212730318258 0.5211530493420601 0.509212730318258
1 0.45459615388391744 0.4438860971524287 0.5035719826172678 0.4438860971524287 0.5035719826172678 0.5041876046901174 0.45459615388391744 0.5041876046901174
1 0.4018529537095404 0.4371859296482412 0.44831720148220605 0.4371859296482412 0.44831720148220605 0.5025125628140704 0.4018529537095404 0.5025125628140704
1 0.34031922017276633 0.4321608040201005 0.38803925842577425 0.4321608040201005 0.38803925842577425 0.4974874371859297 0.34031922017276633 0.4974874371859297
1 0.45459615388391744 0.5360134003350083 0.5035719826172678 0.5360134003350083 0.5035719826172678 0.5996649916247906 0.45459615388391744 0.5996649916247906
1 0.5236646303027447 0.5376884422110553 0.5701288780754104 0.5376884422110553 0.5701288780754104 0.5979899497487438 0.5236646303027447 0.5979899497487438
1 0.5814309923984912 0.542713567839196 0.6266394496908144 0.542713567839196 0.6266394496908144 0.6046901172529313 0.5814309923984912 0.6046901172529313
1 0.6366857735335528 0.5393634840871021 0.6818942308258761 0.5393634840871021 0.6818942308258761 0.6063651591289783 0.6366857735335528 0.6063651591289783
1 0.45082878244289054 0.6080402010050251 0.501060401656583 0.6080402010050251 0.501060401656583 0.675041876046901 0.45082878244289054 0.675041876046901
1 0.44957299196254824 0.6834170854271359 0.49729303021555615 0.6834170854271359 0.49729303021555615 0.7487437185929651 0.44957299196254824 0.7487437185929651
