0 0.4947342074356456 0.26298157453936355 0.5429226042637929 0.26298157453936355 0.5429226042637929 0.3182579564489113 0.4947342074356456 0.3182579564489113
1 0.49152164764710243 0.3249581239530988 0.5461351640523361 0.3249581239530988 0.5461351640523361 0.37353433835845895 0.49152164764710243 0.37353433835845895
1 0.493127927541374 0.38358458961474035 0.5445288841580646 0.38358458961474035 0.5445288841580646 0.4338358458961473 0.493127927541374 0.4338358458961473
1 0.4272704518762394 0.38190954773869346 0.4754588487043867 0.38190954773869346 0.4754588487043867 0.43718592964824116 0.4272704518762394 0.43718592964824116
1 0.37105065557673433 0.38190954773869334 0.41763277251061004 0.38190954773869334 0.41763277251061004 0.44221105527638205 0.37105065557673433 0.44221105527638205
1 0.3148308592772291 0.38358458961474035 0.36301925610537633 0.38358458961474035 0.36301925610537633 0.44221105527638194 0.3148308592772291 0.44221105527638194
1 0.43048301166478237 0.4489112227805695 0.48027768838720125 0.4489112227805695 0.48027768838720125 0.504187604690117 0.43048301166478237 0.504187604690117
1 0.4979467672241888 0.4505862646566165 0.5461351640523361 0.4505862646566165 0.5461351640523361 0.5041876046901173 0.4979467672241888 0.5041876046901173
1 0.5557728434179656 0.4489112227805695 0.6023549603518414 0.4489112227805695 0.6023549603518414 0.504187604690117 0.5557728434179656 0.504187604690117
1 0.6119926397174706 0.4505862646566165 0.6601810365456179 0.4505862646566165 0.6601810365456179 0.5025125628140702 0.6119926397174706 0.5025125628140702
1 0.4304830116647826 0.5159128978224455 0.4802776883872014 0.5159128978224455 0.4802776883872014 0.5644891122278058 0.4304830116647826 0.5644891122278058
1 0.4288767317705111 0.5745393634840871 0.47867140849292994 0.5745393634840871 0.47867140849292994 0.6214405360134003 0.4288767317705111 0.6214405360134003
