2 0.4855949353241991 0.2747559274755927 0.5391040191064801 0.2747559274755927 0.5391040191064801 0.32914923291492326 0.4855949353241991 0.32914923291492326
2 0.4882703895133135 0.34030683403068346 0.5484681087683796 0.34030683403068346 0.5484681087683796 0.394700139470014 0.4882703895133135 0.394700139470014
2 0.37055040519229526 0.39748953974895396 0.417370853501791 0.39748953974895396 0.417370853501791 0.4588563458856347 0.37055040519229526 0.4588563458856347
2 0.42941039735280456 0.39609483960948394 0.47489311856774324 0.39609483960948394 0.47489311856774324 0.4560669456066946 0.42941039735280456 0.4560669456066946
2 0.4922835707969844 0.40446304044630405 0.5457926545792653 0.40446304044630405 0.5457926545792653 0.4518828451882845 0.4922835707969844 0.4518828451882845
2 0.5123494772153399 0.401673640167364 0.519038112688125 0.401673640167364 0.519038112688125 0.403068340306834 0.5123494772153399 0.403068340306834
2 0.42539721606913344 0.4714086471408646 0.47489311856774336 0.4714086471408646 0.47489311856774336 0.5202231520223152 0.42539721606913344 0.5202231520223152
2 1.1063003071986581 0.6331938633193863 1.212600614397316 0.6331938633193863 1.212600614397316 0.8786610878661087 1.1063003071986581 0.8786610878661087
2 0.4896081166078705 0.46861924686192474 0.5404417462010375 0.46861924686192474 0.5404417462010375 0.5244072524407253 0.4896081166078705 0.5244072524407253
2 0.5564944713357216 0.4672245467224546 0.5993017383615464 0.4672245467224546 0.5993017383615464 0.5285913528591352 0.5564944713357216 0.5285913528591352
2 0.6113412822125596 0.46164574616457466 0.6648503659948405 0.46164574616457466 0.6648503659948405 0.5216178521617852 0.6113412822125596 0.5216178521617852
2 0.4173708535017912 0.5341701534170153 0.47890629985141425 0.5341701534170153 0.47890629985141425 0.5829846582984658 0.4173708535017912 0.5829846582984658
2 0.4227217618800193 0.5941422594142259 0.47890629985141436 0.5941422594142259 0.47890629985141436 0.6429567642956763 0.4227217618800193 0.6429567642956763
0 0.31168369078508007 0.3969849246231157 0.3598821996693708 0.3969849246231157 0.3598821996693708 0.45561139028475717 0.31168369078508007 0.45561139028475717
