0 0.5764078304771219 0.2629815745393635 0.6228720782497875 0.2629815745393635 0.6228720782497875 0.3132328308207705 0.5764078304771219 0.3132328308207705
1 0.5764078304771219 0.31993299832495814 0.6241278687301298 0.31993299832495814 0.6241278687301298 0.37018425460636517 0.5764078304771219 0.37018425460636517
1 0.5789194114378066 0.37688442211055284 0.6266394496908143 0.37688442211055284 0.6266394496908143 0.4304857621440536 0.5789194114378066 0.4304857621440536
1 0.5902215257608874 0.4489112227805695 0.6341741925728682 0.4489112227805695 0.6341741925728682 0.5041876046901173 0.5902215257608874 0.5041876046901173
1 0.6429647259352645 0.4539363484087102 0.6894289737079301 0.4539363484087102 0.6894289737079301 0.5041876046901173 0.6429647259352645 0.5041876046901173
1 0.6969637165899841 0.45058626465661644 0.7421721738823073 0.45058626465661644 0.7421721738823073 0.5041876046901171 0.6969637165899841 0.5041876046901171
1 0.52115304934206 0.38190954773869346 0.5625941351933563 0.38190954773869346 0.5625941351933563 0.43216080402010054 0.52115304934206 0.43216080402010054
1 0.4684098491676829 0.37688442211055284 0.5085951445386367 0.37688442211055284 0.5085951445386367 0.4271356783919598 0.4684098491676829 0.4271356783919598
1 0.41189927755227873 0.37520938023450584 0.4558519443642597 0.37520938023450584 0.4558519443642597 0.4271356783919598 0.41189927755227873 0.4271356783919598
1 0.5211530493420601 0.4539363484087102 0.5713846685557527 0.4539363484087102 0.5713846685557527 0.507537688442211 0.5211530493420601 0.507537688442211
1 0.528687792224114 0.5142378559463987 0.5738962495164373 0.5142378559463987 0.5738962495164373 0.5728643216080403 0.528687792224114 0.5728643216080403
1 0.5274320017437717 0.5778894472361809 0.5776636209574643 0.5778894472361809 0.5776636209574643 0.6348408710217754 0.5274320017437717 0.6348408710217754
