1 0.5077682497617997 0.321608040201005 0.564547447019509 0.321608040201005 0.564547447019509 0.3701842546063651 0.5077682497617997 0.3701842546063651
1 0.5126350380981747 0.3785594639865997 0.5629251842407172 0.3785594639865997 0.5629251842407172 0.4304857621440536 0.5126350380981747 0.4304857621440536
1 0.4477445269465071 0.3785594639865998 0.4931678847526744 0.3785594639865998 0.4931678847526744 0.43216080402010054 0.4477445269465071 0.43216080402010054
1 0.38772080413121446 0.3785594639865997 0.43801095027375697 0.3785594639865997 0.43801095027375697 0.4371859296482411 0.38772080413121446 0.4371859296482411
1 0.33094160687350516 0.37688442211055273 0.3796094902372559 0.37688442211055273 0.3796094902372559 0.43383584589614727 0.33094160687350516 0.43383584589614727
1 0.4445000013889236 0.44388609715242894 0.4964124103102578 0.44388609715242894 0.4964124103102578 0.5008375209380237 0.4445000013889236 0.5008375209380237
1 0.515879563655758 0.4455611390284757 0.5645474470195089 0.4455611390284757 0.5645474470195089 0.5008375209380235 0.515879563655758 0.5008375209380235
1 0.5726587609134673 0.44221105527638194 0.6197043814984264 0.44221105527638194 0.6197043814984264 0.49748743718592964 0.5726587609134673 0.49748743718592964
1 0.631060220949968 0.44556113902847544 0.6813503670925107 0.44556113902847544 0.6813503670925107 0.500837520938023 0.631060220949968 0.500837520938023
1 0.4461222641677154 0.5092127303182579 0.4980346730890496 0.5092127303182579 0.4980346730890496 0.5594639865996646 0.4461222641677154 0.5594639865996646
1 0.4445000013889236 0.5678391959798994 0.4964124103102578 0.5678391959798994 0.4964124103102578 0.6180904522613063 0.4445000013889236 0.6180904522613063
0 0.5142573008769664 0.2562814070351758 0.5629251842407172 0.2562814070351758 0.5629251842407172 0.3132328308207704 0.5142573008769664 0.3132328308207704
