0 0.5462688589489064 0.509212730318258 0.5676172971147257 0.509212730318258 0.5676172971147257 0.542713567839196 0.5462688589489064 0.542713567839196
1 0.5161298874206909 0.5108877721943048 0.5412456970275371 0.5108877721943048 0.5412456970275371 0.5460636515912897 0.5161298874206909 0.5460636515912897
1 0.48850249685315994 0.5142378559463987 0.5123625159796639 0.5142378559463987 0.5123625159796639 0.54606365159129 0.48850249685315994 0.54606365159129
1 0.4822235444514482 0.4656616415410385 0.5085951445386367 0.4656616415410385 0.5085951445386367 0.5008375209380234 0.4822235444514482 0.5008375209380234
1 0.47971196349076367 0.43048576214405343 0.5085951445386369 0.43048576214405343 0.5085951445386369 0.46063651591289756 0.47971196349076367 0.46063651591289756
1 0.4759445920497367 0.388609715242881 0.5085951445386369 0.388609715242881 0.5085951445386369 0.4204355108877721 0.4759445920497367 0.4204355108877721
1 0.4520845729232328 0.46901172529313234 0.47720038253007907 0.46901172529313234 0.47720038253007907 0.5041876046901173 0.4520845729232328 0.5041876046901173
1 0.42194560139501724 0.47068676716917923 0.4470614110018636 0.47068676716917923 0.4470614110018636 0.5075376884422111 0.42194560139501724 0.5075376884422111
1 0.39306242034714406 0.47403685092127307 0.41692243947364804 0.47403685092127307 0.41692243947364804 0.5075376884422111 0.39306242034714406 0.5075376884422111
1 0.453340363403575 0.5159128978224455 0.47971196349076356 0.5159128978224455 0.47971196349076356 0.5510887772194306 0.453340363403575 0.5510887772194306
1 0.4558519443642598 0.5561139028475712 0.4809677539711061 0.5561139028475712 0.4809677539711061 0.5862646566164154 0.4558519443642598 0.5862646566164154
1 0.45585194436425985 0.5929648241206029 0.48096775397110614 0.5929648241206029 0.48096775397110614 0.6281407035175879 0.45585194436425985 0.6281407035175879
