0 0.5784649367696181 0.423785594639866 0.6178063808320354 0.423785594639866 0.6178063808320354 0.4773869346733669 0.5784649367696181 0.4773869346733669
1 0.5260096780197283 0.423785594639866 0.5711794841654667 0.423785594639866 0.5711794841654667 0.4807370184254606 0.5260096780197283 0.4807370184254606
1 0.4735544192698384 0.42713567839195976 0.5187242254155768 0.42713567839195976 0.5187242254155768 0.4840871021775544 0.4735544192698384 0.4840871021775544
1 0.40944243635330646 0.4388609715242879 0.45898351406153576 0.4388609715242879 0.45898351406153576 0.487437185929648 0.40944243635330646 0.487437185929648
1 0.4108995268741368 0.4941373534338358 0.460440604582366 0.4941373534338358 0.460440604582366 0.541038525963149 0.4108995268741368 0.541038525963149
1 0.4108995268741368 0.5510887772194305 0.4618976951031962 0.5510887772194305 0.4618976951031962 0.6046901172529312 0.4108995268741368 0.6046901172529312
1 0.3059890093743572 0.36515912897822433 0.35261590604092585 0.36515912897822433 0.35261590604092585 0.42043551088777203 0.3059890093743572 0.42043551088777203
1 0.36281553968673774 0.3668341708542713 0.4021569837491551 0.3668341708542713 0.4021569837491551 0.4204355108877722 0.36281553968673774 0.4204355108877722
1 0.4108995268741368 0.36348408710217756 0.45315515197821465 0.36348408710217756 0.45315515197821465 0.4170854271356784 0.4108995268741368 0.4170854271356784
1 0.472097328749008 0.36348408710217744 0.5187242254155768 0.36348408710217744 0.5187242254155768 0.41541038525963137 0.472097328749008 0.41541038525963137
1 0.47209732874900817 0.3015075376884422 0.5216384064572375 0.3015075376884422 0.5216384064572375 0.355108877721943 0.47209732874900817 0.355108877721943
1 0.4662689666656871 0.23953098827470687 0.5114387728114256 0.23953098827470687 0.5114387728114256 0.2964824120603015 0.4662689666656871 0.2964824120603015
