0 0.5299435827044563 0.24623115577889446 0.5826867828788335 0.24623115577889446 0.5826867828788335 0.3165829145728643 0.5299435827044563 0.3165829145728643
1 0.5337109541454832 0.3316582914572864 0.5877099448002027 0.3316582914572864 0.5877099448002027 0.3936348408710218 0.5337109541454832 0.3936348408710218
1 0.5425014875078794 0.407035175879397 0.5914773162412297 0.407035175879397 0.5914773162412297 0.47403685092127307 0.5425014875078794 0.47403685092127307
1 0.47343301108905217 0.4154103852596315 0.5224088398224024 0.4154103852596315 0.5224088398224024 0.48911222780569513 0.47343301108905217 0.48911222780569513
1 0.4169224394736479 0.423785594639866 0.4633866872463135 0.423785594639866 0.4633866872463135 0.4991624790619764 0.4169224394736479 0.4991624790619764
1 0.35538870593687494 0.4304857621440532 0.4068761156309098 0.4304857621440532 0.4068761156309098 0.49748743718592925 0.35538870593687494 0.49748743718592925
1 0.4822235444514484 0.5142378559463987 0.5337109541454832 0.5142378559463987 0.5337109541454832 0.5829145728643217 0.4822235444514484 0.5829145728643217
1 0.5525478113506183 0.4991624790619765 0.5990120591232839 0.4991624790619765 0.5990120591232839 0.5711892797319931 0.5525478113506183 0.5711892797319931
1 0.6078025924856796 0.49581239530988275 0.6580342116993722 0.49581239530988275 0.6580342116993722 0.5577889447236178 0.6078025924856796 0.5577889447236178
1 0.6693363260224531 0.490787269681742 0.7183121547558033 0.490787269681742 0.7183121547558033 0.5577889447236181 0.6693363260224531 0.5577889447236181
1 0.48599091589247534 0.5946398659966499 0.5412456970275371 0.5946398659966499 0.5412456970275371 0.661641541038526 0.48599091589247534 0.661641541038526
1 0.4935256587745292 0.6750418760469011 0.5437572779882217 0.6750418760469011 0.5437572779882217 0.7420435510887772 0.4935256587745292 0.7420435510887772
