0 0.5563313046860573 0.4656616415410385 0.5876109764354742 0.4656616415410385 0.5876109764354742 0.49413735343383586 0.5563313046860573 0.49413735343383586
1 0.5161145838653785 0.46566164154103823 0.5473942556147953 0.46566164154103823 0.5473942556147953 0.4941373534338356 0.5161145838653785 0.4941373534338356
1 0.4736636007768842 0.46733668341708545 0.5027090102584856 0.46733668341708545 0.5027090102584856 0.4941373534338359 0.4736636007768842 0.4941373534338359
1 0.4669608139734376 0.4321608040201004 0.5049432725263009 0.4321608040201004 0.5049432725263009 0.4606365159128977 0.4669608139734376 0.4606365159128977
1 0.46696081397343764 0.40201005025125625 0.504943272526301 0.40201005025125625 0.504943272526301 0.43048576214405354 0.46696081397343764 0.43048576214405354
1 0.46696081397343764 0.3785594639865996 0.5027090102584856 0.3785594639865996 0.5027090102584856 0.40033500837520924 0.46696081397343764 0.40033500837520924
1 0.4245098308849433 0.4321608040201005 0.4580237649021757 0.4321608040201005 0.4580237649021757 0.4656616415410385 0.4245098308849433 0.4656616415410385
1 0.42674409315275874 0.46901172529313234 0.4602580271699912 0.46901172529313234 0.4602580271699912 0.49581239530988275 0.42674409315275874 0.49581239530988275
1 0.42674409315275885 0.5008375209380235 0.4624922894378066 0.5008375209380235 0.4624922894378066 0.52428810720268 0.42674409315275885 0.52428810720268
1 0.4245098308849433 0.5276381909547738 0.4580237649021757 0.5276381909547738 0.4580237649021757 0.5577889447236181 0.4245098308849433 0.5577889447236181
1 0.382058847796449 0.4355108877721942 0.4178070440814968 0.4355108877721942 0.4178070440814968 0.4639865996649915 0.382058847796449 0.4639865996649915
1 0.34184212697577016 0.43551088777219427 0.377590323260818 0.43551088777219427 0.377590323260818 0.46063651591289784 0.34184212697577016 0.46063651591289784
