0 0.29210424333266083 0.4639865996649915 0.35594159452456675 0.4639865996649915 0.35594159452456675 0.5142378559463985 0.29210424333266083 0.5142378559463985
1 0.3617449900874673 0.45896147403685084 0.41977894571647273 0.45896147403685084 0.41977894571647273 0.5142378559463987 0.3617449900874673 0.5142378559463987
1 0.42945127165464037 0.4623115577889446 0.48361629690837876 0.4623115577889446 0.48361629690837876 0.5142378559463985 0.42945127165464037 0.5142378559463985
1 0.4236478760917397 0.5326633165829145 0.48748522728364574 0.5326633165829145 0.48748522728364574 0.5829145728643216 0.4236478760917397 0.5829145728643216
1 0.42364787609173965 0.591289782244556 0.4874852272836457 0.591289782244556 0.4874852272836457 0.6381909547738692 0.42364787609173965 0.6381909547738692
1 0.42171341090410636 0.6448911222780569 0.4836162969083789 0.6448911222780569 0.4836162969083789 0.695142378559464 0.42171341090410636 0.695142378559464
1 0.5087643443476144 0.3500837520938023 0.5706672303518869 0.3500837520938023 0.5706672303518869 0.4020100502512563 0.5087643443476144 0.4020100502512563
1 0.5087643443476144 0.41038525963149086 0.5687327651642533 0.41038525963149086 0.5687327651642533 0.45728643216080406 0.5087643443476144 0.45728643216080406
1 0.5087643443476144 0.46063651591289784 0.5629293696013529 0.46063651591289784 0.5629293696013529 0.5125628140703518 0.5087643443476144 0.5125628140703518
1 0.5068298791599809 0.5309882747068677 0.5648638347889864 0.5309882747068677 0.5648638347889864 0.5862646566164152 0.5068298791599809 0.5862646566164152
1 0.5726016955395204 0.5343383584589615 0.6287011859808924 0.5343383584589615 0.6287011859808924 0.5862646566164152 0.5726016955395204 0.5862646566164152
1 0.642242442294327 0.5343383584589615 0.6964074675480655 0.5343383584589615 0.6964074675480655 0.5896147403685092 0.642242442294327 0.5896147403685092
