0 0.5274320017437717 0.02847571189279732 0.5990120591232836 0.02847571189279732 0.5990120591232836 0.11390284757118928 0.5274320017437717 0.11390284757118928
1 0.528687792224114 0.1273031825795645 0.6065468020053374 0.1273031825795645 0.6065468020053374 0.21608040201005024 0.528687792224114 0.21608040201005024
1 0.5374783255865102 0.23115577889447236 0.6140815448873913 0.23115577889447236 0.6140815448873913 0.31993299832495814 0.5374783255865102 0.31993299832495814
1 0.5512920208702755 0.34840871021775555 0.6216162877694451 0.34840871021775555 0.6216162877694451 0.44053601340033505 0.5512920208702755 0.44053601340033505
1 0.6391973544942374 0.35175879396984927 0.717056364275461 0.35175879396984927 0.717056364275461 0.4388609715242881 0.6391973544942374 0.4388609715242881
1 0.729614269078884 0.3500837520938023 0.804961697899423 0.3500837520938023 0.804961697899423 0.4388609715242881 0.729614269078884 0.4388609715242881
1 0.4294803442770712 0.23283082077051925 0.5035719826172678 0.23283082077051925 0.5035719826172678 0.32663316582914576 0.4294803442770712 0.32663316582914576
1 0.4357592966787827 0.3601340033500838 0.5123625159796636 0.3601340033500838 0.5123625159796636 0.45226130653266333 0.4357592966787827 0.45226130653266333
1 0.33780763921208234 0.23450586264656603 0.41189927755227873 0.23450586264656603 0.41189927755227873 0.3299832495812393 0.33780763921208234 0.3299832495812393
1 0.2473907246274357 0.23953098827470687 0.3189707820069475 0.23953098827470687 0.3189707820069475 0.3316582914572864 0.2473907246274357 0.3316582914572864
1 0.4420382490804944 0.47068676716917923 0.5186414683813755 0.47068676716917923 0.5186414683813755 0.5577889447236181 0.4420382490804944 0.5577889447236181
1 0.444549830041179 0.5778894472361809 0.5198972588617178 0.5778894472361809 0.5198972588617178 0.6666666666666665 0.444549830041179 0.6666666666666665
