0 0.5675804034319872 0.42546063651591287 0.6143223190087391 0.42546063651591287 0.6143223190087391 0.47738693467336685 0.5675804034319872 0.47738693467336685
1 0.5074836548333063 0.42546063651591287 0.5609029869210227 0.42546063651591287 0.5609029869210227 0.4824120603015075 0.5074836548333063 0.4824120603015075
1 0.4490562603623664 0.4271356783919598 0.5008062383223417 0.4271356783919598 0.5008062383223417 0.48073701842546057 0.4490562603623664 0.48073701842546057
1 0.372265970486274 0.44053601340033494 0.4290240108294727 0.44053601340033494 0.4290240108294727 0.4857621440536013 0.372265970486274 0.4857621440536013
1 0.3739353246140151 0.4924623115577888 0.43069336495721383 0.4924623115577888 0.43069336495721383 0.541038525963149 0.3739353246140151 0.541038525963149
1 0.3739353246140151 0.5561139028475712 0.43236271908495494 0.5561139028475712 0.43236271908495494 0.6046901172529312 0.3739353246140151 0.6046901172529312
1 0.25207247328891197 0.36515912897822456 0.30716115950436956 0.36515912897822456 0.30716115950436956 0.41708542713567853 0.25207247328891197 0.41708542713567853
1 0.32051599252629864 0.36180904522613067 0.3639191998475682 0.36180904522613067 0.3639191998475682 0.42043551088777215 0.32051599252629864 0.42043551088777215
1 0.37059661635853286 0.36348408710217756 0.42234659431850813 0.36348408710217756 0.42234659431850813 0.4154103852596315 0.37059661635853286 0.4154103852596315
1 0.44571755210688385 0.3601340033500836 0.5008062383223414 0.3601340033500836 0.5008062383223414 0.41708542713567825 0.44571755210688385 0.41708542713567825
1 0.44404819797914297 0.2998324958123953 0.504144946577824 0.2998324958123953 0.504144946577824 0.35343383584589616 0.44404819797914297 0.35343383584589616
1 0.4340320732126962 0.23283082077051925 0.48912075942815375 0.23283082077051925 0.48912075942815375 0.2914572864321608 0.4340320732126962 0.2914572864321608
