0 0.5385852090032154 0.2696817420435511 0.5884244372990354 0.2696817420435511 0.5884244372990354 0.321608040201005 0.5385852090032154 0.321608040201005
1 0.5401929260450161 0.3299832495812394 0.5900321543408361 0.3299832495812394 0.5900321543408361 0.37855946398659956 0.5401929260450161 0.37855946398659956
1 0.5418006430868169 0.39028475711892807 0.5884244372990355 0.39028475711892807 0.5884244372990355 0.4388609715242882 0.5418006430868169 0.4388609715242882
1 0.5482315112540193 0.4572864321608043 0.5900321543408358 0.4572864321608043 0.5900321543408358 0.5058626465661643 0.5482315112540193 0.5058626465661643
1 1.1913183279742765 0.5159128978224455 1.382636655948553 0.5159128978224455 1.382636655948553 0.626465661641541 1.1913183279742765 0.626465661641541
1 0.5996784565916399 0.45226130653266333 0.644694533762058 0.45226130653266333 0.644694533762058 0.507537688442211 0.5996784565916399 0.507537688442211
1 0.6559485530546623 0.45393634840871033 0.7041800643086816 0.45393634840871033 0.7041800643086816 0.5075376884422113 0.6559485530546623 0.5075376884422113
1 0.36334405144694526 0.3869346733668342 0.41318327974276525 0.3869346733668342 0.41318327974276525 0.44221105527638194 0.36334405144694526 0.44221105527638194
1 0.41961414790996787 0.3852596314907873 0.46784565916398707 0.3852596314907873 0.46784565916398707 0.4438860971524288 0.41961414790996787 0.4438860971524288
1 0.4758842443729904 0.3852596314907873 0.5209003215434084 0.3852596314907873 0.5209003215434084 0.440536013400335 0.4758842443729904 0.440536013400335
1 0.4758842443729904 0.4539363484087102 0.5241157556270095 0.4539363484087102 0.5241157556270095 0.5058626465661642 0.4758842443729904 0.5058626465661642
1 0.4758842443729901 0.5142378559463986 0.5241157556270093 0.5142378559463986 0.5241157556270093 0.5644891122278055 0.4758842443729901 0.5644891122278055
1 0.4758842443729904 0.5745393634840871 0.5241157556270096 0.5745393634840871 0.5241157556270096 0.6231155778894473 0.4758842443729904 0.6231155778894473
