0 0.3604118678582439 0.6901172529313233 0.41566664899330574 0.6901172529313233 0.41566664899330574 0.777219430485762 0.3604118678582439 0.777219430485762
1 0.40436453467022504 0.6298157453936346 0.4583635253249445 0.6298157453936346 0.4583635253249445 0.7051926298157452 0.40436453467022504 0.7051926298157452
1 0.4533403634035752 0.5611390284757118 0.5098509350189793 0.5611390284757118 0.5098509350189793 0.6415410385259631 0.4533403634035752 0.6415410385259631
1 0.5023161921369254 0.4807370184254605 0.5575709732719871 0.4807370184254605 0.5575709732719871 0.5561139028475711 0.5023161921369254 0.5561139028475711
1 0.4533403634035752 0.4204355108877722 0.5098509350189793 0.4204355108877722 0.5098509350189793 0.49413735343383586 0.4533403634035752 0.49413735343383586
1 0.4005971632291981 0.36348408710217756 0.46087510628562905 0.36348408710217756 0.46087510628562905 0.4371859296482412 0.4005971632291981 0.4371859296482412
1 0.6530110497780031 0.41708542713567853 0.7107774118737499 0.41708542713567853 0.7107774118737499 0.49748743718592964 0.6530110497780031 0.49748743718592964
1 0.6065468020053374 0.47738693467336696 0.6693363260224532 0.47738693467336696 0.6693363260224532 0.559463986599665 0.6065468020053374 0.559463986599665
1 0.5663615066343834 0.5494137353433836 0.6241278687301298 0.5494137353433836 0.6241278687301298 0.6264656616415409 0.5663615066343834 0.6264656616415409
1 0.5111067254993215 0.629815745393635 0.5701288780754102 0.629815745393635 0.5701288780754102 0.7102177554438861 0.5111067254993215 0.7102177554438861
1 0.5575709732719872 0.6917922948073703 0.6203604972891029 0.6917922948073703 0.6203604972891029 0.7721943048576214 0.5575709732719872 0.7721943048576214
1 0.6115699639267067 0.7520938023450586 0.6693363260224531 0.7520938023450586 0.6693363260224531 0.8358458961474037 0.6115699639267067 0.8358458961474037
