0 0.6454521410882162 0.5008375209380235 0.6907744463946527 0.5008375209380235 0.6907744463946527 0.5494137353433836 0.6454521410882162 0.5494137353433836
1 0.5829386165276143 0.49748743718592964 0.6313865980620808 0.49748743718592964 0.6313865980620808 0.5544388609715244 0.5829386165276143 0.5544388609715244
1 0.5329277968791324 0.49748743718592897 0.5766872640715538 0.49748743718592897 0.5766872640715538 0.5477386934673361 0.5329277968791324 0.5477386934673361
1 0.4626000817484553 0.49916247906197647 0.5110480632829218 0.49916247906197647 0.5110480632829218 0.5477386934673366 0.4626000817484553 0.5477386934673366
1 0.45634872929239517 0.559463986599665 0.5141737395109521 0.559463986599665 0.5141737395109521 0.6097152428810722 0.45634872929239517 0.6097152428810722
1 0.4532230530643649 0.6180904522613065 0.5126109013969369 0.6180904522613065 0.5126109013969369 0.6700167504187606 0.4532230530643649 0.6700167504187606
1 0.3500757375393715 0.4271356783919598 0.4000865571878532 0.4271356783919598 0.4000865571878532 0.4840871021775545 0.3500757375393715 0.4840871021775545
1 0.40946358587194337 0.42546063651591287 0.4563487292923949 0.42546063651591287 0.4563487292923949 0.4807370184254607 0.40946358587194337 0.4807370184254607
1 0.46572575797648536 0.4304857621440536 0.5063595489408768 0.4304857621440536 0.5063595489408768 0.4807370184254607 0.46572575797648536 0.4807370184254607
1 0.5282392825370874 0.4288107202680067 0.5845014546416293 0.4288107202680067 0.5845014546416293 0.4757118927973199 0.5282392825370874 0.4757118927973199
1 0.5235507681950422 0.37018425460636517 0.5798129402995841 0.37018425460636517 0.5798129402995841 0.4170854271356784 0.5235507681950422 0.4170854271356784
1 0.5251136063090572 0.3098827470686767 0.5751244259575389 0.3098827470686767 0.5751244259575389 0.36515912897822445 0.5251136063090572 0.36515912897822445
