0 0.5161298874206909 0.35678391959798994 0.5475246494292487 0.35678391959798994 0.5475246494292487 0.39865996649916247 0.5161298874206909 0.39865996649916247
1 0.5173856779010328 0.40368509212730325 0.5487804399095907 0.40368509212730325 0.5487804399095907 0.44053601340033516 0.5173856779010328 0.44053601340033516
1 0.5224088398224024 0.4489112227805695 0.5512920208702756 0.4489112227805695 0.5512920208702756 0.48408710217755446 0.5224088398224024 0.48408710217755446
1 0.4822235444514484 0.45058626465661644 0.5111067254993216 0.45058626465661644 0.5111067254993216 0.49581239530988275 0.4822235444514484 0.49581239530988275
1 0.448317201482206 0.457286432160804 0.4809677539711061 0.457286432160804 0.4809677539711061 0.49748743718592964 0.448317201482206 0.49748743718592964
1 0.41692243947364815 0.46063651591289756 0.4458056205215214 0.46063651591289756 0.4458056205215214 0.504187604690117 0.41692243947364815 0.504187604690117
1 0.4910140778138444 0.5058626465661642 0.5186414683813754 0.5058626465661642 0.5186414683813754 0.5477386934673365 0.4910140778138444 0.5477386934673365
1 0.5299435827044563 0.5008375209380235 0.5575709732719872 0.5008375209380235 0.5575709732719872 0.5410385259631492 0.5299435827044563 0.5410385259631492
1 0.5613383447130141 0.4974874371859297 0.5889657352805451 0.4974874371859297 0.5889657352805451 0.5343383584589616 0.5613383447130141 0.5343383584589616
1 0.5939888972019144 0.49413735343383586 0.62412786873013 0.49413735343383586 0.62412786873013 0.5326633165829145 0.5939888972019144 0.5326633165829145
1 0.4922698682941869 0.5544388609715243 0.524920420783087 0.5544388609715243 0.524920420783087 0.5929648241206029 0.4922698682941869 0.5929648241206029
1 0.4947814492548715 0.5996649916247907 0.5261762112634294 0.5996649916247907 0.5261762112634294 0.6365159128978226 0.4947814492548715 0.6365159128978226
