0 0.6228487570596344 0.47571189279732 0.6699673391539803 0.47571189279732 0.6699673391539803 0.5309882747068677 0.6228487570596344 0.5309882747068677
1 0.568367896513047 0.47571189279732 0.615486478607393 0.47571189279732 0.615486478607393 0.5343383584589616 0.568367896513047 0.5343383584589616
1 0.5183044030378046 0.47403685092127307 0.5610056180608054 0.47403685092127307 0.5610056180608054 0.5293132328308208 0.5183044030378046 0.5293132328308208
1 0.4564612640389756 0.47738693467336685 0.5035798461333214 0.47738693467336685 0.5035798461333214 0.5309882747068677 0.4564612640389756 0.5309882747068677
1 0.45351635265807894 0.541038525963149 0.5035798461333214 0.541038525963149 0.5035798461333214 0.5879396984924622 0.45351635265807894 0.5879396984924622
1 0.45204389696763064 0.5963149078726968 0.5035798461333214 0.5963149078726968 0.5035798461333214 0.6465661641541038 0.45204389696763064 0.6465661641541038
1 0.35486182139804223 0.4087102177554437 0.40050794780194 0.4087102177554437 0.40050794780194 0.4673366834170853 0.35486182139804223 0.4673366834170853
1 0.40934268194462964 0.41038525963149086 0.45204389696763064 0.41038525963149086 0.45204389696763064 0.46398659966499156 0.40934268194462964 0.46398659966499156
1 0.4594061754198722 0.41038525963149086 0.5006349347524248 0.41038525963149086 0.5006349347524248 0.4623115577889448 0.4594061754198722 0.4623115577889448
1 0.5197768587282529 0.4053601340033501 0.5713128078939437 0.4053601340033501 0.5713128078939437 0.457286432160804 0.5197768587282529 0.457286432160804
1 0.5153594916569079 0.35175879396984927 0.5624780737512538 0.35175879396984927 0.5624780737512538 0.3986599664991625 0.5153594916569079 0.3986599664991625
1 0.5168319473473559 0.2931323283082077 0.5624780737512537 0.2931323283082077 0.5624780737512537 0.3433835845896148 0.5168319473473559 0.3433835845896148
