2 0.5100508851347814 0.2747559274755927 0.5706370399988576 0.2747559274755927 0.5706370399988576 0.3319386331938633 0.5100508851347814 0.3319386331938633
2 0.5185047672088386 0.34309623430962355 0.5790909220729149 0.34309623430962355 0.5790909220729149 0.39609483960948405 0.5185047672088386 0.39609483960948405
2 0.3916965360979813 0.40446304044630405 0.44101084819664793 0.40446304044630405 0.44101084819664793 0.4574616457461646 0.3916965360979813 0.4574616457461646
2 0.4522826909620574 0.4016736401673641 0.5044149637520766 0.4016736401673641 0.5044149637520766 0.4588563458856347 0.4522826909620574 0.4588563458856347
2 0.5170957868631619 0.401673640167364 0.5748639810358859 0.401673640167364 0.5748639810358859 0.45327754532775455 0.5170957868631619 0.45327754532775455
2 0.4480557499250289 0.4741980474198047 0.5015970030607242 0.4741980474198047 0.5015970030607242 0.5244072524407252 0.4480557499250289 0.5244072524407252
2 0.5185047672088385 0.4741980474198047 0.5720460203445338 0.4741980474198047 0.5720460203445338 0.5299860529986052 0.5185047672088385 0.5299860529986052
2 0.580499902418591 0.4700139470013947 0.6312231948629338 0.4700139470013947 0.6312231948629338 0.5285913528591353 0.580499902418591 0.5285913528591353
2 0.645312998319696 0.4686192468619247 0.6974452711097151 0.4686192468619247 0.6974452711097151 0.5216178521617852 0.645312998319696 0.5216178521617852
2 0.44241982854232403 0.5369595536959554 0.5044149637520766 0.5369595536959554 0.5044149637520766 0.5843793584379359 0.44241982854232403 0.5843793584379359
2 0.44382880888800025 0.5955369595536959 0.5072329244434289 0.5955369595536959 0.5072329244434289 0.6415620641562062 0.44382880888800025 0.6415620641562062
2 1.0680071020225532 0.596931659693166 1.1360142040451062 0.596931659693166 1.1360142040451062 0.6582984658298466 1.0680071020225532 0.6582984658298466
0 0.33336191766568896 0.4036850921273031 0.3807433069785787 0.4036850921273031 0.3807433069785787 0.4572864321608038 0.33336191766568896 0.4572864321608038
