0 0.729614269078884 0.5544388609715243 0.7861248406942881 0.5544388609715243 0.7861248406942881 0.6331658291457286 0.729614269078884 0.6331658291457286
1 0.65677842121903 0.5561139028475712 0.7120332023540918 0.5561139028475712 0.7120332023540918 0.6314907872696817 0.65677842121903 0.6314907872696817
1 0.5851983638395181 0.5544388609715243 0.6417089354549222 0.5544388609715243 0.6417089354549222 0.6247906197654941 0.5851983638395181 0.6247906197654941
1 0.5764078304771219 0.4472361809045226 0.6316626116121838 0.4472361809045226 0.6316626116121838 0.5159128978224454 0.5764078304771219 0.5159128978224454
1 0.5751520399967796 0.3668341708542713 0.6291510306514989 0.3668341708542713 0.6291510306514989 0.4321608040201005 0.5751520399967796 0.4321608040201005
1 0.5726404590360948 0.2814070351758794 0.6266394496908143 0.2814070351758794 0.6266394496908143 0.34673366834170877 0.5726404590360948 0.34673366834170877
1 0.4935256587745292 0.4455611390284757 0.5475246494292487 0.4455611390284757 0.5475246494292487 0.5175879396984925 0.4935256587745292 0.5175879396984925
1 0.42194560139501713 0.44053601340033505 0.47594459204973666 0.44053601340033505 0.47594459204973666 0.5108877721943047 0.42194560139501713 0.5108877721943047
1 0.34910975353516305 0.4355108877721943 0.4056203251505671 0.4355108877721943 0.4056203251505671 0.5025125628140703 0.34910975353516305 0.5025125628140703
1 0.4985488206958985 0.5561139028475712 0.5538036018309602 0.5561139028475712 0.5538036018309602 0.6247906197654942 0.4985488206958985 0.6247906197654942
1 0.5023161921369254 0.644891122278057 0.5588267637523295 0.644891122278057 0.5588267637523295 0.7185929648241204 0.5023161921369254 0.7185929648241204
1 0.5035719826172678 0.7370184254606366 0.5613383447130141 0.7370184254606366 0.5613383447130141 0.8123953098827471 0.5035719826172678 0.8123953098827471
