0 0.4495729919625482 0.5594639865996648 0.47092143012836735 0.5594639865996648 0.47092143012836735 0.589614740368509 0.4495729919625482 0.589614740368509
1 0.4658982682069983 0.541038525963149 0.484735125412133 0.541038525963149 0.484735125412133 0.5711892797319933 0.4658982682069983 0.5711892797319933
1 0.47845617301042137 0.5159128978224455 0.49729303021555615 0.5159128978224455 0.49729303021555615 0.5477386934673367 0.47845617301042137 0.5477386934673367
1 0.4947814492548714 0.49581239530988264 0.5161298874206908 0.49581239530988264 0.5161298874206908 0.5192629815745388 0.4947814492548714 0.5192629815745388
1 0.48096775397110597 0.47236180904522584 0.4998046111762406 0.47236180904522584 0.4998046111762406 0.49916247906197625 0.48096775397110597 0.49916247906197625
1 0.4633866872463137 0.45226130653266333 0.4809677539711061 0.45226130653266333 0.4809677539711061 0.4807370184254607 0.4633866872463137 0.4807370184254607
1 0.5462688589489064 0.47571189279731996 0.5676172971147257 0.47571189279731996 0.5676172971147257 0.5008375209380235 0.5462688589489064 0.5008375209380235
1 0.532455163665141 0.4958123953098831 0.5512920208702755 0.4958123953098831 0.5512920208702755 0.5226130653266335 0.532455163665141 0.5226130653266335
1 0.5161298874206909 0.5142378559463987 0.5387341160668525 0.5142378559463987 0.5387341160668525 0.5393634840871023 0.5161298874206909 0.5393634840871023
1 0.501060401656583 0.541038525963149 0.5186414683813755 0.541038525963149 0.5186414683813755 0.5695142378559463 0.501060401656583 0.5695142378559463
1 0.513618306460006 0.5611390284757118 0.5362225351061677 0.5611390284757118 0.5362225351061677 0.5896147403685092 0.513618306460006 0.5896147403685092
1 0.5299435827044563 0.5778894472361809 0.5512920208702756 0.5778894472361809 0.5512920208702756 0.6097152428810719 0.5299435827044563 0.6097152428810719
